0.03121500 17037.48809150
0.04425200 12023.58223466
0.05438800 10336.11850705
0.06273500 9163.70445571
0.07010400 8280.01630530
0.07710400 7577.22894099
0.08893800 5999.07528160
0.09476500 5402.27296164
0.09938400 4954.02720992
0.10422800 4637.40679680
0.10930900 4378.83163842
0.11283300 4203.75402505
0.11833300 4014.35994233
0.12608500 3831.89070862
0.13015000 3688.33262583
0.13434600 3573.19770721
0.13649400 3413.94352890
0.14089400 3295.51347903
0.14314700 3125.60319063
0.14776200 3029.84053726
0.15496400 2798.10674727
0.15744200 2677.49572218
0.15996000 2586.45665124
0.16251800 2511.50355650
0.17044000 2368.07692747
0.17316500 2342.65484628
0.17874700 2264.33487672
0.18160600 2204.21572061
0.18451000 2152.51098621
0.18746000 2130.60882020
0.19045800 2102.68809842
0.19350400 2040.01797699
0.19974200 1946.89754905
0.20293600 1885.09324228
0.20618100 1821.32406643
0.20947800 1798.88085611
0.21282800 1768.67852041
0.21623100 1669.34164977
0.21968900 1674.17312839
0.22320200 1631.36527688
0.22677100 1581.43904104
0.23039700 1570.79638714
0.23408100 1498.27655019
0.23782500 1486.84504718
0.24162800 1464.33150263
0.24549100 1415.85708976
0.24941700 1438.71759861
0.25340500 1373.00738169
0.25745800 1358.43102659
0.26157500 1317.84387951
0.26575700 1295.47927879
0.27000700 1253.09560426
0.27432500 1219.88927705
0.27871200 1199.21012253
0.28316800 1184.57935911
0.28769700 1150.11428686
0.29229700 1127.04656078
0.29697100 1093.69735691
0.30172000 1086.42807945
0.30654500 1062.82065153
0.31144700 1029.80619755
0.31642700 1018.59279888
0.32148700 994.83581806
0.32662800 969.18778714
0.33185100 953.42350939
0.33715700 918.56611467
0.34254900 912.74532723
0.34802700 894.10201002
0.35359200 881.72762066
0.35924600 857.83143653
0.36499100 834.11520318
0.37082700 818.41666559
0.37675700 801.97742239
0.38278200 790.38284651
0.38890300 770.32891176
0.39512200 765.36623689
0.40144000 740.59232861
0.40786000 728.22809299
0.41438200 718.29376426
0.42100800 699.82265240
0.42774000 686.00993096
0.43458000 670.40826719
0.44153000 662.79157137
0.44859000 649.71076500
0.45576300 634.23851425
0.46305100 620.95965589
0.47045600 613.19459307
0.47797900 601.81080765
0.48562200 587.43254883
0.49338800 575.71776704
0.50127800 567.87855172
0.50929400 559.16594604
0.51743800 544.31986633
0.52571200 536.72450671
0.53411900 526.70402873
0.54266000 518.41366718
0.55133700 509.95413465
0.56015400 497.33006334
0.56911100 491.92149891
0.57821100 483.13700657
0.58745800 470.71076353
0.59685200 465.94415116
0.60639600 456.85817315
0.61609300 448.13962919
0.62594500 440.80181573
0.63595400 435.70337821
0.64612300 426.20169377
0.65645600 418.60983136
0.66695300 414.27094553
0.67761800 405.97607159
0.68845400 398.36763628
0.69946300 393.35708440
0.71064800 385.62361449
0.72201200 379.56863726
0.73355700 373.53267803
0.74528800 366.92707775
0.75720500 361.13134198
0.76931400 354.84782558
0.78161600 348.79147871
0.79411500 344.40257584
0.80681300 337.94183131
0.81971500 332.86497945
0.83282300 327.90952836
0.84614000 321.92073601
0.85967100 317.47862134
0.87341800 311.70934150
0.88738500 307.06295193
0.90157500 301.85667212
0.91599200 297.57823576
0.93063900 292.24899446
0.94552100 288.06808925
0.96064100 283.00376283
0.97600200 278.99980381
0.99161000 274.32571627
1.00746600 270.09547582
1.02357700 265.12883517
1.03994500 261.20678057
1.05657400 256.81730887
1.07347000 252.86832696
1.09063600 248.54580330
1.10807600 244.88315658
1.12579500 240.40389954
1.14379800 236.82905333
1.16208800 232.72482708
1.18067100 228.79318911
1.19955100 225.08048679
1.21873200 221.21788467
1.23822100 217.73020056
1.25802100 213.99779832
1.27813800 210.22619393
1.29857700 206.81789423
1.31934200 203.07791030
1.34044000 199.52794544
1.36187500 196.14176093
1.38365200 192.60040613
1.40577800 189.11761491
1.42825800 185.72704645
1.45109700 182.37173357
1.47430100 179.05965665
1.49787700 175.64166714
1.52182900 172.50603330
1.54616500 169.21978216
1.57088900 165.88158536
1.59600900 162.67179306
1.62153100 159.48130599
1.64746100 156.35014653
1.67380500 153.32458388
1.70057100 150.18583113
1.72776400 147.11085541
1.75539300 144.06496760
1.78346300 141.05059418
1.81198200 138.04811501
1.84095700 135.10707058
1.87039600 132.25343466
1.90030500 129.29551154
1.93069300 126.43727617
1.96156600 123.62655939
1.99293400 120.79449129
2.02480300 117.97819931
2.05718100 115.22975482
2.09007700 112.51930246
2.12350000 109.86069947
2.15745600 107.19487851
2.19195600 104.59192436
2.22700700 101.98100980
2.26261900 99.42601851
2.29880000 96.92628859
2.33556000 94.43525667
2.37290800 91.99070566
2.41085300 89.59147195
2.44940400 87.21384497
2.48857300 84.88329905
2.52836800 82.58538829
2.56879900 80.33632429
2.60987700 78.13612890
2.65161100 75.95447808
2.69401200 73.81706963
2.73709200 71.72359848
2.78086000 69.67796074
2.82532900 67.66117661
2.87050800 65.69254713
2.91641000 63.76652183
2.96304600 61.86881653
3.01042800 60.03684586
3.05856800 58.24394549
3.10747700 56.48394625
3.15716800 54.76462839
3.20765400 53.08840491
3.25894700 51.46511119
3.31106100 49.87364645
3.36400900 48.33608449
3.41780200 46.82931996
3.47245600 45.37354849
