0.03121500 17069.74021434
0.04425200 12046.18292221
0.05438800 10355.46918949
0.06273500 9181.09103639
0.07010400 8295.12088932
0.07710400 7592.85476640
0.08893800 6017.04142482
0.09476500 5421.62057020
0.09938400 4974.93080226
0.10422800 4659.84882312
0.10930900 4400.41040354
0.11283300 4224.94106840
0.11833300 4035.41385085
0.12608500 3852.85358093
0.13015000 3708.89834336
0.13434600 3593.29031249
0.13649400 3433.08514209
0.14089400 3317.30340150
0.14314700 3146.50966229
0.14776200 3051.42421827
0.15496400 2820.84592020
0.15744200 2702.06357781
0.15996000 2611.92227066
0.16251800 2538.32487725
0.17044000 2394.36294747
0.17316500 2369.08484259
0.17874700 2289.22596510
0.18160600 2228.89734682
0.18451000 2177.38369322
0.18746000 2155.22819082
0.19045800 2127.23344612
0.19350400 2064.40309999
0.19974200 1970.63412262
0.20293600 1909.22903752
0.20618100 1844.98808952
0.20947800 1823.75850559
0.21282800 1794.12115597
0.21623100 1695.15587825
0.21968900 1701.08135195
0.22320200 1657.90555300
0.22677100 1607.82452529
0.23039700 1597.58905817
0.23408100 1524.51343436
0.23782500 1513.56716096
0.24162800 1491.02201599
0.24549100 1441.28492599
0.24941700 1464.22584789
0.25340500 1399.20251133
0.25745800 1383.85411395
0.26157500 1343.02551779
0.26575700 1321.74422461
0.27000700 1278.48339957
0.27432500 1245.09657588
0.27871200 1224.22735864
0.28316800 1210.67977112
0.28769700 1176.27656103
0.29229700 1153.14542301
0.29697100 1119.55681141
0.30172000 1112.73011219
0.30654500 1088.88731661
0.31144700 1055.48367119
0.31642700 1044.19588690
0.32148700 1020.39597339
0.32662800 994.41075648
0.33185100 978.52895941
0.33715700 943.64952867
0.34254900 937.69054054
0.34802700 919.13659442
0.35359200 906.96865631
0.35924600 882.86822291
0.36499100 859.06796145
0.37082700 843.14843278
0.37675700 826.67885148
0.38278200 814.95072820
0.38890300 794.76842092
0.39512200 790.24000695
0.40144000 765.16632372
0.40786000 752.60139879
0.41438200 742.56965519
0.42100800 723.93637112
0.42774000 710.01312711
0.43458000 694.44260906
0.44153000 686.76505105
0.44859000 673.38484512
0.45576300 657.95614563
0.46305100 644.54356376
0.47045600 636.51814933
0.47797900 625.17326900
0.48562200 610.35369994
0.49338800 598.82984308
0.50127800 590.92778474
0.50929400 581.95988172
0.51743800 566.90737778
0.52571200 559.20688412
0.53411900 549.14666438
0.54266000 540.70306535
0.55133700 532.00752003
0.56015400 519.26195229
0.56911100 513.71058977
0.57821100 504.80407645
0.58745800 492.23396845
0.59685200 487.37652568
0.60639600 478.21755904
0.61609300 469.17496764
0.62594500 461.63351161
0.63595400 456.46060048
0.64612300 446.84305250
0.65645600 439.10059245
0.66695300 434.54356077
0.67761800 426.08486612
0.68845400 418.33394619
0.69946300 413.15762085
0.71064800 405.36505011
0.72201200 399.10614251
0.73355700 392.92959542
0.74528800 386.08179325
0.75720500 380.09804500
0.76931400 373.60512416
0.78161600 367.32174021
0.79411500 362.73311306
0.80681300 356.09840687
0.81971500 350.89230361
0.83282300 345.73322235
0.84614000 339.42332471
0.85967100 334.87915292
0.87341800 328.92493457
0.88738500 324.00909239
0.90157500 318.63006080
0.91599200 314.06013889
0.93063900 308.51223852
0.94552100 304.18372127
0.96064100 298.87162831
0.97600200 294.63757978
0.99161000 289.75562823
1.00746600 285.25650697
1.02357700 280.07530398
1.03994500 275.80304081
1.05657400 271.26629918
1.07347000 267.05474529
1.09063600 262.42020768
1.10807600 258.52522636
1.12579500 253.84024467
1.14379800 249.96028175
1.16208800 245.58508213
1.18067100 241.43159647
1.19955100 237.38678464
1.21873200 233.31217067
1.23822100 229.55193268
1.25802100 225.51367306
1.27813800 221.51566598
1.29857700 217.81748045
1.31934200 213.82099523
1.34044000 209.96758296
1.36187500 206.33827860
1.38365200 202.51778638
1.40577800 198.74572432
1.42825800 195.09668877
1.45109700 191.44893340
1.47430100 187.87857047
1.49787700 184.18427716
1.52182900 180.77318189
1.54616500 177.24583714
1.57088900 173.61995803
1.59600900 170.14324106
1.62153100 166.68479868
1.64746100 163.30414219
1.67380500 159.99505175
1.70057100 156.61779730
1.72776400 153.27544960
1.75539300 149.97529117
1.78346300 146.71786245
1.81198200 143.45621540
1.84095700 140.27434876
1.87039600 137.15675103
1.90030500 133.97614644
1.93069300 130.87751855
1.96156600 127.84590890
1.99293400 124.79954401
2.02480300 121.73857364
2.05718100 118.77566345
2.09007700 115.85077148
2.12350000 112.97453211
2.15745600 110.11165086
2.19195600 107.29680902
2.22700700 104.49272691
2.26261900 101.73976451
2.29880000 99.05995695
2.33556000 96.39021376
2.37290800 93.77490962
2.41085300 91.19374231
2.44940400 88.64826973
2.48857300 86.16147377
2.52836800 83.70875852
2.56879900 81.31467946
2.60987700 78.95963308
2.65161100 76.64600822
2.69401200 74.36707846
2.73709200 72.15147070
2.78086000 69.98448674
2.82532900 67.84830242
2.87050800 65.76428737
2.91641000 63.73687048
2.96304600 61.72774384
3.01042800 59.79839833
3.05856800 57.91110113
3.10747700 56.06206813
3.15716800 54.25500024
3.20765400 52.49729740
3.25894700 50.79701449
3.31106100 49.12819200
3.36400900 47.52290911
3.41780200 45.95026591
3.47245600 44.42807413
