0.03121500 20687.63163083
0.04425200 14615.39364363
0.05438800 12572.35189315
0.06273500 11155.65244421
0.07010400 10086.59877319
0.07710400 9226.97945486
0.08893800 7293.74894102
0.09476500 6560.58402025
0.09938400 6008.03705210
0.10422800 5614.65168744
0.10930900 5302.86820497
0.11283300 5091.34585149
0.11833300 4860.70832714
0.12608500 4638.05171395
0.13015000 4464.26843381
0.13434600 4325.73094236
0.13649400 4135.93833023
0.14089400 3979.74043539
0.14314700 3776.22309096
0.14776200 3656.07347985
0.15496400 3368.69201690
0.15744200 3214.36672177
0.15996000 3098.98610267
0.16251800 3002.27461742
0.17044000 2829.23297206
0.17316500 2797.57930243
0.17874700 2708.18627489
0.18160600 2635.83625034
0.18451000 2571.46216496
0.18746000 2545.85503359
0.19045800 2512.07614960
0.19350400 2437.01533532
0.19974200 2324.96572125
0.20293600 2248.48968978
0.20618100 2172.27025672
0.20947800 2140.21590618
0.21282800 2100.21774468
0.21623100 1978.28509026
0.21968900 1978.62528891
0.22320200 1927.92480563
0.22677100 1868.35045950
0.23039700 1852.52697888
0.23408100 1766.50805533
0.23782500 1750.87008030
0.24162800 1723.73776398
0.24549100 1669.97696032
0.24941700 1697.48532017
0.25340500 1614.75267924
0.25745800 1599.28002916
0.26157500 1551.25097036
0.26575700 1518.85054811
0.27000700 1471.35882471
0.27432500 1431.08999887
0.27871200 1406.88059863
0.28316800 1384.06224989
0.28769700 1341.58184944
0.29229700 1313.77770958
0.29697100 1274.09333875
0.30172000 1263.26379440
0.30654500 1235.51504863
0.31144700 1197.08095925
0.31642700 1184.01682458
0.32148700 1155.39803957
0.32662800 1125.62127535
0.33185100 1106.14535458
0.33715700 1064.25936080
0.34254900 1056.88606332
0.34802700 1033.87421144
0.35359200 1017.99688107
0.35924600 989.75971937
0.36499100 961.10706969
0.37082700 942.44076005
0.37675700 922.79303330
0.38278200 909.20467068
0.38890300 885.42605502
0.39512200 877.41197565
0.40144000 848.81489551
0.40786000 834.15257799
0.41438200 822.29832462
0.42100800 800.26624968
0.42774000 784.21072977
0.43458000 765.02640379
0.44153000 756.20198303
0.44859000 740.94750198
0.45576300 722.26002104
0.46305100 706.60659827
0.47045600 697.87547860
0.47797900 683.89006122
0.48562200 668.19053993
0.49338800 652.85833426
0.50127800 643.57689901
0.50929400 634.27510949
0.51743800 616.90706894
0.52571200 607.77722222
0.53411900 595.97567456
0.54266000 586.44453308
0.55133700 576.71072704
0.56015400 562.18764081
0.56911100 555.84752858
0.57821100 545.56485447
0.58745800 531.12397713
0.59685200 525.80306505
0.60639600 514.94211288
0.61609300 505.39851755
0.62594500 497.10686726
0.63595400 491.24400433
0.64612300 480.04763604
0.65645600 471.27836318
0.66695300 466.91400629
0.67761800 457.31263153
0.68845400 448.54187359
0.69946300 443.23043550
0.71064800 433.99062889
0.72201200 427.33526223
0.73355700 420.57654166
0.74528800 413.37906926
0.75720500 406.95584472
0.76931400 400.19446941
0.78161600 393.56900079
0.79411500 388.95968240
0.80681300 381.48596339
0.81971500 376.18942480
0.83282300 370.70406150
0.84614000 364.39383664
0.85967100 359.60772508
0.87341800 353.20612386
0.88738500 348.52501687
0.90157500 342.75878288
0.91599200 338.55643939
0.93063900 332.97958379
0.94552100 328.28807793
0.96064100 323.06242194
0.97600200 319.09633870
0.99161000 314.25117264
1.00746600 309.96298688
1.02357700 304.80379957
1.03994500 301.00542113
1.05657400 296.35028579
1.07347000 292.42503889
1.09063600 288.10888654
1.10807600 284.61377496
1.12579500 280.02846089
1.14379800 276.63844179
1.16208800 272.46981539
1.18067100 268.68929418
1.19955100 265.09562224
1.21873200 261.25593006
1.23822100 257.98201546
1.25802100 254.47249063
1.27813800 250.65797434
1.29857700 247.67795687
1.31934200 244.01614657
1.34044000 240.57945457
1.36187500 237.57233015
1.38365200 234.25817259
1.40577800 230.95932491
1.42825800 227.81184108
1.45109700 224.76011102
1.47430100 221.71213553
1.49787700 218.53484859
1.52182900 215.66843991
1.54616500 212.75013751
1.57088900 209.74608828
1.59600900 206.82449534
1.62153100 203.97364433
1.64746100 201.14619723
1.67380500 198.54062848
1.70057100 195.65896045
1.72776400 193.00506143
1.75539300 190.26526240
1.78346300 187.62394102
1.81198200 184.92672690
1.84095700 182.35263689
1.87039600 179.84648591
1.90030500 177.24239666
1.93069300 174.68722865
1.96156600 172.25411458
1.99293400 169.70605237
2.02480300 167.29062986
2.05718100 164.85823240
2.09007700 162.48932194
2.12350000 160.11709083
2.15745600 157.75665714
2.19195600 155.44943398
2.22700700 153.12647246
2.26261900 150.88686551
2.29880000 148.63598424
2.33556000 146.42417380
2.37290800 144.23162097
2.41085300 142.07520310
2.44940400 139.92456507
2.48857300 137.81492200
2.52836800 135.74759288
2.56879900 133.70499111
2.60987700 131.68018299
2.65161100 129.67495765
2.69401200 127.73610360
2.73709200 125.78280050
2.78086000 123.87685846
2.82532900 122.02020360
2.87050800 120.17116952
2.91641000 118.37156752
2.96304600 116.58414567
3.01042800 114.85012649
3.05856800 113.12343802
3.10747700 111.45174509
3.15716800 109.80655179
3.20765400 108.17605719
3.25894700 106.61002387
3.31106100 105.05962435
3.36400900 103.54906062
3.41780200 102.07723082
3.47245600 100.62906548
