0.03121500 16961.85157344
0.04425200 11971.99301051
0.05438800 10292.80852268
0.06273500 9126.87012737
0.07010400 8248.18623984
0.07710400 7544.63078313
0.08893800 5963.02979850
0.09476500 5363.87660050
0.09938400 4912.90257419
0.10422800 4593.00418793
0.10930900 4336.38360578
0.11283300 4162.33943517
0.11833300 3973.27242349
0.12608500 3790.95946732
0.13015000 3648.17102899
0.13434600 3534.06960673
0.13649400 3377.05390532
0.14089400 3252.95996223
0.14314700 3085.00229107
0.14776200 2987.71198547
0.15496400 2753.75229835
0.15744200 2629.54256191
0.15996000 2536.50277135
0.16251800 2458.89277378
0.17044000 2316.56212666
0.17316500 2290.84318181
0.17874700 2215.69595881
0.18160600 2156.06997864
0.18451000 2103.82619182
0.18746000 2082.48070874
0.19045800 2054.72186403
0.19350400 1992.68164057
0.19974200 1900.58367825
0.20293600 1838.16652184
0.20618100 1775.31046024
0.20947800 1750.46527495
0.21282800 1718.83112704
0.21623100 1619.07370036
0.21968900 1621.25195184
0.22320200 1579.24862667
0.22677100 1529.90410249
0.23039700 1518.03651942
0.23408100 1446.76703550
0.23782500 1434.43458705
0.24162800 1412.07677698
0.24549100 1366.30447408
0.24941700 1388.99921544
0.25340500 1321.96889572
0.25745800 1308.70418031
0.26157500 1268.82169913
0.26575700 1243.97466598
0.27000700 1203.64884282
0.27432500 1170.67294216
0.27871200 1150.49070693
0.28316800 1133.44875804
0.28769700 1098.80678409
0.29229700 1075.92211951
0.29697100 1043.09477963
0.30172000 1034.85628730
0.30654500 1011.77888124
0.31144700 979.67526975
0.31642700 968.72459104
0.32148700 945.13961070
0.32662800 920.24116044
0.33185100 904.47863789
0.33715700 869.87760969
0.34254900 864.06597233
0.34802700 845.27956892
0.35359200 832.52707834
0.35924600 809.07406770
0.36499100 785.52710954
0.37082700 770.14315892
0.37675700 753.89235072
0.38278200 742.57619353
0.38890300 722.84238704
0.39512200 716.90686846
0.40144000 692.91445921
0.40786000 680.83674700
0.41438200 671.07937499
0.42100800 652.90041507
0.42774000 639.43589949
0.43458000 623.76135588
0.44153000 616.34380956
0.44859000 603.71109215
0.45576300 588.28368231
0.46305100 575.28198747
0.47045600 567.95394656
0.47797900 556.50498017
0.48562200 543.07315301
0.49338800 530.85993665
0.50127800 523.14225168
0.50929400 515.07724273
0.51743800 500.63911078
0.52571200 493.15239749
0.53411900 483.30428160
0.54266000 475.31170973
0.55133700 467.20702162
0.56015400 454.97999116
0.56911100 449.76011989
0.57821100 441.18128672
0.58745800 429.10925700
0.59685200 424.57232767
0.60639600 415.59517507
0.61609300 407.49232157
0.62594500 400.53250798
0.63595400 395.58204396
0.64612300 386.29194323
0.65645600 378.95904323
0.66695300 375.09172348
0.67761800 367.07988118
0.68845400 359.72336155
0.69946300 355.11440645
0.71064800 347.47122188
0.72201200 341.79881394
0.73355700 336.04480830
0.74528800 329.91478285
0.75720500 324.45946140
0.76931400 318.63440748
0.78161600 312.99499941
0.79411500 308.98867794
0.80681300 302.75907190
0.81971500 298.08976206
0.83282300 293.43504462
0.84614000 288.03807509
0.85967100 283.87210469
0.87341800 278.42928924
0.88738500 274.30563218
0.90157500 269.40358616
0.91599200 265.67139491
0.93063900 260.81106126
0.94552100 256.84845234
0.96064100 252.29804465
0.97600200 248.76259853
0.99161000 244.52437231
1.00746600 240.76523628
1.02357700 236.25687001
1.03994500 232.91905458
1.05657400 228.84916492
1.07347000 225.38356152
1.09063600 221.60122559
1.10807600 218.42556985
1.12579500 214.39365425
1.14379800 211.33281588
1.16208800 207.70027669
1.18067100 204.27618717
1.19955100 201.09349865
1.21873200 197.67118197
1.23822100 194.70244825
1.25802100 191.53965561
1.27813800 188.17434895
1.29857700 185.36719173
1.31934200 182.09167590
1.34044000 179.02408846
1.36187500 176.21303797
1.38365200 173.18668653
1.40577800 170.23671488
1.42825800 167.35248859
1.45109700 164.53292061
1.47430100 161.72619586
1.49787700 158.83530894
1.52182900 156.18873926
1.54616500 153.44692717
1.57088900 150.66782624
1.59600900 147.98937457
1.62153100 145.34017441
1.64746100 142.68654313
1.67380500 140.22151443
1.70057100 137.57253497
1.72776400 135.05707112
1.75539300 132.50792531
1.78346300 130.03526547
1.81198200 127.52042770
1.84095700 125.08962263
1.87039600 122.74139540
1.90030500 120.29510993
1.93069300 117.90361773
1.96156600 115.59026931
1.99293400 113.21365573
2.02480300 110.91445925
2.05718100 108.63188891
2.09007700 106.39759821
2.12350000 104.16523442
2.15745600 101.95162372
2.19195600 99.79018198
2.22700700 97.60135765
2.26261900 95.48294918
2.29880000 93.38416909
2.33556000 91.29201794
2.37290800 89.23726102
2.41085300 87.24011125
2.44940400 85.21536778
2.48857300 83.24634110
2.52836800 81.30854661
2.56879900 79.41070927
2.60987700 77.52881304
2.65161100 75.66625319
2.69401200 73.84744005
2.73709200 72.04691708
2.78086000 70.28390057
2.82532900 68.55965899
2.87050800 66.84089148
2.91641000 65.18725223
2.96304600 63.53932260
3.01042800 61.95435258
3.05856800 60.37333651
3.10747700 58.83864247
3.15716800 57.33123054
3.20765400 55.84601223
3.25894700 54.42212083
3.31106100 53.01891310
3.36400900 51.65168221
3.41780200 50.31809321
3.47245600 49.01567160
