0.03121500 16906.07615139
0.04425200 11935.37793512
0.05438800 10262.95600331
0.06273500 9103.25418683
0.07010400 8228.13315455
0.07710400 7524.45384861
0.08893800 5941.92274771
0.09476500 5341.75826609
0.09938400 4889.44657561
0.10422800 4567.42363537
0.10930900 4312.19951480
0.11283300 4139.04856332
0.11833300 3950.25004565
0.12608500 3767.98465481
0.13015000 3625.72668626
0.13434600 3512.32071253
0.13649400 3356.95759920
0.14089400 3229.09492338
0.14314700 3062.49682511
0.14776200 2964.14306181
0.15496400 2728.89429056
0.15744200 2602.56451382
0.15996000 2508.11461927
0.16251800 2428.94716762
0.17044000 2287.29629694
0.17316500 2261.38478960
0.17874700 2188.20818428
0.18160600 2128.98288074
0.18451000 2076.28663398
0.18746000 2055.32478721
0.19045800 2027.67359193
0.19350400 1966.22925190
0.19974200 1874.50609843
0.20293600 1811.90326994
0.20618100 1749.51049141
0.20947800 1723.27098903
0.21282800 1690.52872985
0.21623100 1590.71537782
0.21968900 1590.99386242
0.22320200 1549.49074573
0.22677100 1500.72353722
0.23039700 1487.77052927
0.23408100 1417.35594559
0.23782500 1404.55479143
0.24162800 1382.34443726
0.24549100 1338.33616034
0.24941700 1360.85434153
0.25340500 1293.12988943
0.25745800 1280.46406930
0.26157500 1241.14776493
0.26575700 1214.62497030
0.27000700 1175.74852552
0.27432500 1142.78470210
0.27871200 1122.96702980
0.28316800 1104.28806404
0.28769700 1069.51385869
0.29229700 1046.75355372
0.29697100 1014.26816173
0.30172000 1005.40316057
0.30654500 982.68820089
0.31144700 951.22628191
0.31642700 940.53205829
0.32148700 917.10488961
0.32662800 892.72980597
0.33185100 876.78693206
0.33715700 842.49930450
0.34254900 836.46356665
0.34802700 817.62620037
0.35359200 804.62911134
0.35924600 781.51433725
0.36499100 758.05944715
0.37082700 742.77931612
0.37675700 726.69580284
0.38278200 715.57244932
0.38890300 696.10741473
0.39512200 689.54713660
0.40144000 666.13773541
0.40786000 654.13524872
0.41438200 644.43142681
0.42100800 626.39610016
0.42774000 613.25314622
0.43458000 597.54897007
0.44153000 590.32535126
0.44859000 577.83812302
0.45576300 562.54066129
0.46305100 549.72686170
0.47045600 542.57961861
0.47797900 531.13123840
0.48562200 518.27970283
0.49338800 505.72884967
0.50127800 498.13112149
0.50929400 490.51673143
0.51743800 476.29935583
0.52571200 468.82571714
0.53411900 459.16503980
0.54266000 451.36290357
0.55133700 443.39486734
0.56015400 431.50635457
0.56911100 426.31637608
0.57821100 417.89903968
0.58745800 406.07782262
0.59685200 401.72215537
0.60639600 392.83144395
0.61609300 385.01911309
0.62594500 378.23161704
0.63595400 373.43231201
0.64612300 364.26703094
0.65645600 357.08855588
0.66695300 353.51591906
0.67761800 345.65629029
0.68845400 338.47659955
0.69946300 334.12868764
0.71064800 326.56503642
0.72201200 321.11699252
0.73355700 315.58434371
0.74528800 309.69253523
0.75720500 304.43452149
0.76931400 298.89969952
0.78161600 293.47612998
0.79411500 289.70296912
0.80681300 283.58502680
0.81971500 279.24931153
0.83282300 274.75902548
0.84614000 269.59351261
0.85967100 265.67562991
0.87341800 260.43531689
0.88738500 256.60339030
0.90157500 251.88318516
0.91599200 248.44317155
0.93063900 243.87799044
0.94552100 240.03755140
0.96064100 235.75986021
0.97600200 232.51324786
0.99161000 228.54702348
1.00746600 225.03673990
1.02357700 220.81345959
1.03994500 217.70412939
1.05657400 213.89346304
1.07347000 210.68027908
1.09063600 207.14710221
1.10807600 204.28602447
1.12579500 200.53251341
1.14379800 197.75746376
1.16208800 194.34505077
1.18067100 191.25033839
1.19955100 188.30857973
1.21873200 185.16543036
1.23822100 182.48542316
1.25802100 179.61254683
1.27813800 176.49000629
1.29857700 174.05058155
1.31934200 171.05304523
1.34044000 168.23978942
1.36187500 165.77817510
1.38365200 163.06522526
1.40577800 160.36480800
1.42825800 157.78829629
1.45109700 155.29016806
1.47430100 152.79511329
1.49787700 150.19420494
1.52182900 147.84777968
1.54616500 145.45887455
1.57088900 142.99977756
1.59600900 140.60817880
1.62153100 138.27448897
1.64746100 135.95995745
1.67380500 133.82705423
1.70057100 131.46813777
1.72776400 129.29567168
1.75539300 127.05288835
1.78346300 124.89071824
1.81198200 122.68279466
1.84095700 120.57565975
1.87039600 118.52413934
1.90030500 116.39244723
1.93069300 114.30080176
1.96156600 112.30906893
1.99293400 110.22324023
2.02480300 108.24598960
2.05718100 106.25484338
2.09007700 104.31566724
2.12350000 102.37377284
2.15745600 100.44153574
2.19195600 98.55285646
2.22700700 96.65129386
2.26261900 94.81796482
2.29880000 92.97540668
2.33556000 91.16483169
2.37290800 89.37002087
2.41085300 87.60478992
2.44940400 85.84429031
2.48857300 84.11734892
2.52836800 82.42504550
2.56879900 80.75298373
2.60987700 79.09548774
2.65161100 77.45402210
2.69401200 75.86688761
2.73709200 74.26792520
2.78086000 72.70773228
2.82532900 71.18788556
2.87050800 69.67427717
2.91641000 68.20113358
2.96304600 66.73796059
3.01042800 65.31850271
3.05856800 63.90504571
3.10747700 62.53660773
3.15716800 61.18986220
3.20765400 59.85514893
3.25894700 58.57320329
3.31106100 57.30405539
3.36400900 56.06751682
3.41780200 54.86268562
3.47245600 53.67722601
