0.03121500 17136.41106268
0.04425200 12093.78189682
0.05438800 10396.73539777
0.06273500 9220.09467817
0.07010400 8328.85908809
0.07710400 7628.06323026
0.08893800 6059.18907290
0.09476500 5467.54244443
0.09938400 5025.07324947
0.10422800 4713.46403475
0.10930900 4452.20289793
0.11283300 4276.01936305
0.11833300 4086.21437287
0.12608500 3903.46486730
0.13015000 3758.43644510
0.13434600 3641.80392604
0.13649400 3479.64142390
0.14089400 3369.90316332
0.14314700 3197.23275579
0.14776200 3103.55323206
0.15496400 2875.94777548
0.15744200 2761.63722454
0.15996000 2673.54464043
0.16251800 2603.26108749
0.17044000 2458.03402924
0.17316500 2433.17052920
0.17874700 2349.74771627
0.18160600 2288.91399883
0.18451000 2237.73282800
0.18746000 2214.99327892
0.19045800 2186.82778334
0.19350400 2124.02391718
0.19974200 2028.46597468
0.20293600 1968.18338562
0.20618100 1902.75120795
0.20947800 1884.48332459
0.21282800 1855.89150056
0.21623100 1758.38657001
0.21968900 1766.24823641
0.22320200 1722.28641658
0.22677100 1672.15456172
0.23039700 1662.44542741
0.23408100 1588.21432780
0.23782500 1578.59776549
0.24162800 1555.99723783
0.24549100 1503.50051368
0.24941700 1526.53980661
0.25340500 1463.28922823
0.25745800 1445.87149482
0.26157500 1404.74753547
0.26575700 1385.63420303
0.27000700 1340.65805098
0.27432500 1306.79467988
0.27871200 1285.61989486
0.28316800 1274.35870398
0.28769700 1239.99943745
0.29229700 1216.78818002
0.29697100 1182.72393296
0.30172000 1176.83917774
0.30654500 1152.46860884
0.31144700 1118.36291375
0.31642700 1106.98040695
0.32148700 1083.17833500
0.32662800 1056.42406469
0.33185100 1040.07085175
0.33715700 1005.37758645
0.34254900 998.81622100
0.34802700 980.48349122
0.35359200 968.97704236
0.35924600 944.30361341
0.36499100 920.31862707
0.37082700 903.75073844
0.37675700 887.34957187
0.38278200 875.36065041
0.38890300 854.90280717
0.39512200 851.16365259
0.40144000 825.66000204
0.40786000 812.53930074
0.41438200 802.27116471
0.42100800 783.28038944
0.42774000 769.15829444
0.43458000 753.62594889
0.44153000 745.83094740
0.44859000 731.66603198
0.45576300 716.42486250
0.46305100 702.75819062
0.47045600 694.08619096
0.47797900 682.73329891
0.48562200 666.99744889
0.49338800 655.73889626
0.50127800 647.61749468
0.50929400 638.20334412
0.51743800 622.69470909
0.52571200 614.61089383
0.53411900 604.60592296
0.54266000 595.72107251
0.55133700 586.36095042
0.56015400 573.52613932
0.56911100 567.45844677
0.57821100 558.21025086
0.58745800 545.35226786
0.59685200 540.21704557
0.60639600 530.88760608
0.61609300 521.13412118
0.62594500 513.09737121
0.63595400 507.62171907
0.64612300 497.70011408
0.65645600 489.55215861
0.66695300 484.56382004
0.67761800 475.55564072
0.68845400 467.42069936
0.69946300 461.95696185
0.71064800 453.85617082
0.72201200 447.07734724
0.73355700 440.48945509
0.74528800 433.08470545
0.75720500 426.64222898
0.76931400 419.65717801
0.78161600 412.80830132
0.79411500 407.68286880
0.80681300 400.48062497
0.81971500 395.01282470
0.83282300 389.20159749
0.84614000 382.25569903
0.85967100 377.42736518
0.87341800 370.94172696
0.88738500 365.37581480
0.90157500 359.47254659
0.91599200 354.26407484
0.93063900 348.10254860
0.94552100 343.34245370
0.96064100 337.42876148
0.97600200 332.69793460
0.99161000 327.28361238
1.00746600 322.06945083
1.02357700 316.34730277
1.03994500 311.27602761
1.05657400 306.28369887
1.07347000 301.34453370
1.09063600 296.01608015
1.10807600 291.52632995
1.12579500 286.27797066
1.14379800 281.67881609
1.16208800 276.56294355
1.18067100 271.83815006
1.19955100 267.02121042
1.21873200 262.27400734
1.23822100 257.87080724
1.25802100 253.12542101
1.27813800 248.48924501
1.29857700 244.14106203
1.31934200 239.48063092
1.34044000 234.90297678
1.36187500 230.55746650
1.38365200 226.04152209
1.40577800 221.58823117
1.42825800 217.34552707
1.45109700 213.01220361
1.47430100 208.72661361
1.49787700 204.38369604
1.52182900 200.29046321
1.54616500 196.14408312
1.57088900 191.85319535
1.59600900 187.72191623
1.62153100 183.64131469
1.64746100 179.66689174
1.67380500 175.67915807
1.70057100 171.72075899
1.72776400 167.76911068
1.75539300 163.84227928
1.78346300 160.04346786
1.81198200 156.17521769
1.84095700 152.40027292
1.87039600 148.72808091
1.90030500 145.00866644
1.93069300 141.34079356
1.96156600 137.79957171
1.99293400 134.24429892
2.02480300 130.70277128
2.05718100 127.24758811
2.09007700 123.83477531
2.12350000 120.48229407
2.15745600 117.15460474
2.19195600 113.90340159
2.22700700 110.68350597
2.26261900 107.50642127
2.29880000 104.41591586
2.33556000 101.35488535
2.37290800 98.38108840
2.41085300 95.42904231
2.44940400 92.53669191
2.48857300 89.69943859
2.52836800 86.90812272
2.56879900 84.21326674
2.60987700 81.55891572
2.65161100 78.96399461
2.69401200 76.40923684
2.73709200 73.91277267
2.78086000 71.49713442
2.82532900 69.12644036
2.87050800 66.80238482
2.91641000 64.55116556
2.96304600 62.33680460
3.01042800 60.20496070
3.05856800 58.11289977
3.10747700 56.08345800
3.15716800 54.10651803
3.20765400 52.18144041
3.25894700 50.32674374
3.31106100 48.50739802
3.36400900 46.76104983
3.41780200 45.05808787
3.47245600 43.39831811
