0.03121500 17001.64422323
0.04425200 11998.87254181
0.05438800 10315.21015873
0.06273500 9145.55733826
0.07010400 8264.28462720
0.07710400 7561.05100391
0.08893800 5980.92971005
0.09476500 5382.86439598
0.09938400 4933.18064595
0.10422800 4614.94869988
0.10930900 4357.31100751
0.11283300 4182.70171965
0.11833300 3993.45881474
0.12608500 3811.07674405
0.13015000 3667.90139063
0.13434600 3553.26993488
0.13649400 3395.07575118
0.14089400 3273.87462413
0.14314700 3104.91004324
0.14776200 3008.41132111
0.15496400 2775.54667612
0.15744200 2653.11475517
0.15996000 2561.11463206
0.16251800 2484.81724660
0.17044000 2341.93595322
0.17316500 2316.36982176
0.17874700 2239.63031251
0.18160600 2179.73868354
0.18451000 2127.79111240
0.18746000 2106.15985903
0.19045800 2078.31557760
0.19350400 2015.91073532
0.19974200 1923.35631169
0.20293600 1861.20681420
0.20618100 1797.91107658
0.20947800 1774.24950481
0.21282800 1743.38235197
0.21623100 1643.78747021
0.21968900 1647.35738401
0.22320200 1604.94802881
0.22677100 1555.26314889
0.23039700 1544.08150700
0.23408100 1472.16607100
0.23782500 1460.26879395
0.24162800 1437.81832561
0.24549100 1390.67038102
0.24941700 1413.46150451
0.25340500 1347.06694563
0.25745800 1333.19492267
0.26157500 1292.92181182
0.26575700 1269.36159984
0.27000700 1227.95895817
0.27432500 1194.89622921
0.27871200 1174.44947806
0.28316800 1158.64901436
0.28769700 1124.10089912
0.29229700 1101.12024861
0.29697100 1068.02532765
0.30172000 1060.28090152
0.30654500 1036.93062992
0.31144700 1004.35201083
0.31642700 993.24596616
0.32148700 969.56183149
0.32662800 944.27619730
0.33185100 928.55760147
0.33715700 893.79103112
0.34254900 888.02592333
0.34802700 869.30165602
0.35359200 856.73756804
0.35924600 833.05192246
0.36499100 809.42085824
0.37082700 793.90294660
0.37675700 777.53959332
0.38278200 766.08144769
0.38890300 746.17525019
0.39512200 740.73635552
0.40144000 716.32669479
0.40786000 704.12708234
0.41438200 694.28862109
0.42100800 675.97339643
0.42774000 662.31044874
0.43458000 646.66890497
0.44153000 639.13764349
0.44859000 626.31261803
0.45576300 610.83747817
0.46305100 597.69580176
0.47045600 590.16906886
0.47797900 578.74533609
0.48562200 564.83525317
0.49338800 552.88633758
0.50127800 545.10451792
0.50929400 536.69506833
0.51743800 522.05803953
0.52571200 514.53412018
0.53411900 504.58224941
0.54266000 496.43897345
0.55133700 488.18132855
0.56015400 475.73006060
0.56911100 470.43420717
0.57821100 461.75414413
0.58745800 449.49368605
0.59685200 444.83178156
0.60639600 435.80413223
0.61609300 427.40868692
0.62594500 420.26895254
0.63595400 415.23700917
0.64612300 405.84381408
0.65645600 398.38684605
0.66695300 394.28202447
0.67761800 386.13605751
0.68845400 378.65196561
0.69946300 373.83687590
0.71064800 366.14527629
0.72201200 360.28651950
0.73355700 354.38591849
0.74528800 348.02564197
0.75720500 342.40691182
0.76931400 336.34469907
0.78161600 330.50850511
0.79411500 326.31241850
0.80681300 319.98381391
0.81971500 315.08305740
0.83282300 310.28945340
0.84614000 304.62236360
0.85967100 300.30005303
0.87341800 294.69756965
0.88738500 290.31911861
0.90157500 285.27124417
0.91599200 281.27466035
0.93063900 276.17108049
0.94552100 272.11151523
0.96064100 267.30637033
0.97600200 263.53891447
0.99161000 259.07854553
1.00746600 255.09424601
1.02357700 250.35524033
1.03994500 246.75469257
1.05657400 242.51430567
1.07347000 238.81285302
1.09063600 234.78655551
1.10807600 231.36360097
1.12579500 227.09870543
1.14379800 223.79955970
1.16208800 219.94517831
1.18067100 216.25779443
1.19955100 212.83896158
1.21873200 209.19578742
1.23822100 205.97479446
1.25802100 202.53774195
1.27813800 198.97860525
1.29857700 195.87132177
1.31934200 192.37077620
1.34044000 189.08083016
1.36187500 185.97192556
1.38365200 182.68937624
1.40577800 179.49323491
1.42825800 176.35635487
1.45109700 173.27231543
1.47430100 170.21497851
1.49787700 167.06898398
1.52182900 164.18572635
1.54616500 161.16028012
1.57088900 158.10241707
1.59600900 155.17271009
1.62153100 152.25176615
1.64746100 149.35763348
1.67380500 146.61250765
1.70057100 143.71767226
1.72776400 140.92364581
1.75539300 138.12390439
1.78346300 135.38151803
1.81198200 132.62808612
1.84095700 129.93592993
1.87039600 127.33701982
1.90030500 124.62668492
1.93069300 122.00692740
1.96156600 119.43351549
1.99293400 116.82988006
2.02480300 114.26608571
2.05718100 111.75214878
2.09007700 109.27197515
2.12350000 106.82507768
2.15745600 104.37878426
2.19195600 101.99721077
2.22700700 99.59057037
2.26261900 97.24881056
2.29880000 94.94832661
2.33556000 92.64800603
2.37290800 90.38990863
2.41085300 88.18984829
2.44940400 85.98309415
2.48857300 83.82291628
2.52836800 81.70467675
2.56879900 79.62151550
2.60987700 77.57858891
2.65161100 75.54942531
2.69401200 73.55959633
2.73709200 71.60699088
2.78086000 69.69590736
2.82532900 67.81933685
2.87050800 65.96477453
2.91641000 64.16846356
2.96304600 62.38646400
3.01042800 60.67322044
3.05856800 58.98122393
3.10747700 57.32411432
3.15716800 55.70246055
3.20765400 54.11307565
3.25894700 52.58222216
3.31106100 51.07896754
3.36400900 49.62132459
3.41780200 48.19598684
3.47245600 46.81039286
