0.03121500 20939.21213874
0.04425200 14779.10282532
0.05438800 12705.97953977
0.06273500 11268.58741417
0.07010400 10179.84809222
0.07710400 9323.75121326
0.08893800 7407.20411244
0.09476500 6684.44465772
0.09938400 6143.92134753
0.10422800 5763.25745919
0.10930900 5444.09911754
0.11283300 5228.87214002
0.11833300 4997.00510215
0.12608500 4773.75709119
0.13015000 4596.58940645
0.13434600 4454.11034578
0.13649400 4256.01155507
0.14089400 4121.95456639
0.14314700 3911.01924861
0.14776200 3796.57971962
0.15496400 3518.53538068
0.15744200 3378.89285171
0.15996000 3271.27836530
0.16251800 3185.41950976
0.17044000 3008.00916991
0.17316500 2977.63575296
0.17874700 2875.72589007
0.18160600 2801.41101642
0.18451000 2738.88775787
0.18746000 2711.10897353
0.19045800 2676.70181688
0.19350400 2599.98019646
0.19974200 2483.24597861
0.20293600 2409.60436704
0.20618100 2329.67198379
0.20947800 2307.35581603
0.21282800 2272.42785371
0.21623100 2153.31518232
0.21968900 2162.91904626
0.22320200 2109.21499489
0.22677100 2047.97358770
0.23039700 2036.11284468
0.23408100 1945.43163990
0.23782500 1933.68398344
0.24162800 1906.07502861
0.24549100 1841.94468137
0.24941700 1870.08963479
0.25340500 1792.82230774
0.25745800 1771.54468881
0.26157500 1721.30738666
0.26575700 1697.95841269
0.27000700 1643.01524632
0.27432500 1601.64752706
0.27871200 1575.78026891
0.28316800 1562.02352326
0.28769700 1520.05001484
0.29229700 1491.69498846
0.29697100 1450.08187777
0.30172000 1442.89302168
0.30654500 1413.12177269
0.31144700 1371.45802883
0.31642700 1357.55308285
0.32148700 1328.47631351
0.32662800 1295.79311903
0.33185100 1275.81592539
0.33715700 1233.43440185
0.34254900 1225.41899419
0.34802700 1203.02360961
0.35359200 1188.96725519
0.35924600 1158.82603035
0.36499100 1129.52581159
0.37082700 1109.28636869
0.37675700 1089.25059456
0.38278200 1074.60484840
0.38890300 1049.61341110
0.39512200 1045.04563500
0.40144000 1013.89020593
0.40786000 997.86186999
0.41438200 985.31824676
0.42100800 962.11898943
0.42774000 944.86734429
0.43458000 925.89292771
0.44153000 916.37050206
0.44859000 899.06654722
0.45576300 880.44783325
0.46305100 863.75253602
0.47045600 853.15876359
0.47797900 839.28999518
0.48562200 820.06697618
0.49338800 806.31345345
0.50127800 796.39229528
0.50929400 784.89190637
0.51743800 765.94645471
0.52571200 756.07121225
0.53411900 743.84907332
0.54266000 732.99528094
0.55133700 721.56089356
0.56015400 705.88180300
0.56911100 698.46946944
0.57821100 687.17181183
0.58745800 671.46441432
0.59685200 665.19119263
0.60639600 653.79428733
0.61609300 641.87936532
0.62594500 632.06161814
0.63595400 625.37252508
0.64612300 613.25222646
0.65645600 603.29862988
0.66695300 597.20484232
0.67761800 586.20039059
0.68845400 576.26269214
0.69946300 569.58815407
0.71064800 559.69217389
0.72201200 551.41111794
0.73355700 543.36330509
0.74528800 534.31761370
0.75720500 526.44744161
0.76931400 517.91445691
0.78161600 509.54782362
0.79411500 503.28656117
0.80681300 494.48825223
0.81971500 487.80875107
0.83282300 480.70971727
0.84614000 472.22456153
0.85967100 466.32623681
0.87341800 458.40333803
0.88738500 451.60398274
0.90157500 444.39251105
0.91599200 438.02980733
0.93063900 430.50284591
0.94552100 424.68788234
0.96064100 417.46367661
0.97600200 411.68446705
0.99161000 405.07029502
1.00746600 398.70064061
1.02357700 391.71042649
1.03994500 385.51532305
1.05657400 379.41666106
1.07347000 373.38294406
1.09063600 366.87366978
1.10807600 361.38896108
1.12579500 354.97753049
1.14379800 349.35917269
1.16208800 343.10958878
1.18067100 337.33774963
1.19955100 331.45334415
1.21873200 325.65412930
1.23822100 320.27515079
1.25802100 314.47815542
1.27813800 308.81457200
1.29857700 303.50280276
1.31934200 297.80958914
1.34044000 292.21749641
1.36187500 286.90899216
1.38365200 281.39228444
1.40577800 275.95211465
1.42825800 270.76919911
1.45109700 265.47558236
1.47430100 260.24027714
1.49787700 254.93494016
1.52182900 249.93461972
1.54616500 244.86937424
1.57088900 239.62759721
1.59600900 234.58079917
1.62153100 229.59590920
1.64746100 224.74072770
1.67380500 219.86928574
1.70057100 215.03367911
1.72776400 210.20631926
1.75539300 205.40927592
1.78346300 200.76862263
1.81198200 196.04314250
1.84095700 191.43164488
1.87039600 186.94567070
1.90030500 182.40200927
1.93069300 177.92131136
1.96156600 173.59533121
1.99293400 169.25218634
2.02480300 164.92583262
2.05718100 160.70495789
2.09007700 156.53584309
2.12350000 152.44042972
2.15745600 148.37530231
2.19195600 144.40361093
2.22700700 140.47016503
2.26261900 136.58901724
2.29880000 132.81363528
2.33556000 129.07426006
2.37290800 125.44144994
2.41085300 121.83521080
2.44940400 118.30189633
2.48857300 114.83588881
2.52836800 111.42599879
2.56879900 108.13394481
2.60987700 104.89137195
2.65161100 101.72139907
2.69401200 98.60049000
2.73709200 95.55079277
2.78086000 92.59983303
2.82532900 89.70377740
2.87050800 86.86469571
2.91641000 84.11459129
2.96304600 81.40951321
3.01042800 78.80523853
3.05856800 76.24956300
3.10747700 73.77038344
3.15716800 71.35534042
3.20765400 69.00365281
3.25894700 66.73794302
3.31106100 64.51541820
3.36400900 62.38206764
3.41780200 60.30171799
3.47245600 58.27413221
