0.03121500 20861.51537680
0.04425200 14724.70439112
0.05438800 12659.31725502
0.06273500 11224.68909569
0.07010400 10142.38207393
0.07710400 9284.48910936
0.08893800 7359.46505497
0.09476500 6632.09498050
0.09938400 6086.41579030
0.10422800 5701.50954985
0.10930900 5384.57785170
0.11283300 5170.22334533
0.11833300 4938.69563635
0.12608500 4715.67879693
0.13015000 4539.82212166
0.13434600 4398.59458256
0.13649400 4202.88688133
0.14089400 4061.44713729
0.14314700 3852.80437000
0.14776200 3736.64735944
0.15496400 3454.97137759
0.15744200 3309.86607843
0.15996000 3199.74885834
0.16251800 3109.84179326
0.17044000 2933.97694275
0.17316500 2903.09704178
0.17874700 2805.54090612
0.18160600 2731.84306495
0.18451000 2668.91364325
0.18746000 2641.84833422
0.19045800 2607.64976798
0.19350400 2530.89579943
0.19974200 2416.34699328
0.20293600 2341.33413309
0.20618100 2262.85696393
0.20947800 2236.92276307
0.21282800 2200.71757973
0.21623100 2079.82093853
0.21968900 2087.05953659
0.22320200 2034.31569355
0.22677100 1973.13637716
0.23039700 1960.63266248
0.23408100 1871.36299461
0.23782500 1857.99095425
0.24162800 1830.44965527
0.24549100 1769.69049546
0.24941700 1797.71527817
0.25340500 1718.28233794
0.25745800 1699.53263366
0.26157500 1649.65614916
0.26575700 1623.65877992
0.27000700 1570.81106844
0.27432500 1530.02550267
0.27871200 1504.53152815
0.28316800 1487.98170517
0.28769700 1445.95451500
0.29229700 1417.69736301
0.29697100 1376.66529178
0.30172000 1368.32575063
0.30654500 1339.19923304
0.31144700 1298.39311772
0.31642700 1284.60388538
0.32148700 1255.52975281
0.32662800 1223.78603908
0.33185100 1204.38473019
0.33715700 1161.77578571
0.34254900 1154.49624620
0.34802700 1131.83062227
0.35359200 1116.96618818
0.35924600 1087.52493851
0.36499100 1058.45038088
0.37082700 1039.00297882
0.37675700 1018.88362882
0.38278200 1004.55647545
0.38890300 979.90163470
0.39512200 974.36969408
0.40144000 943.73951596
0.40786000 928.39012013
0.41438200 916.13527545
0.42100800 893.37273176
0.42774000 876.36400431
0.43458000 857.34295594
0.44153000 847.96400004
0.44859000 831.61865152
0.45576300 812.77084964
0.46305100 796.38595046
0.47045600 786.58205085
0.47797900 772.72306961
0.48562200 754.61938552
0.49338800 740.54176537
0.50127800 730.88855837
0.50929400 719.93330842
0.51743800 701.54506953
0.52571200 692.13809528
0.53411900 679.84846396
0.54266000 669.53370726
0.55133700 658.91117128
0.56015400 643.34110099
0.56911100 636.55951964
0.57821100 625.67926375
0.58745800 610.32353625
0.59685200 604.38965187
0.60639600 593.20099733
0.61609300 582.15450756
0.62594500 572.94181473
0.63595400 566.62255210
0.64612300 554.87369156
0.65645600 545.41545088
0.66695300 539.84855069
0.67761800 529.51535306
0.68845400 520.04677776
0.69946300 513.72334431
0.71064800 504.20388808
0.72201200 496.55796495
0.73355700 489.01265396
0.74528800 480.64733330
0.75720500 473.33754666
0.76931400 465.40575140
0.78161600 457.72992780
0.79411500 452.12443036
0.80681300 444.01942916
0.81971500 437.65961881
0.83282300 431.35725085
0.84614000 423.64903794
0.85967100 418.09784747
0.87341800 410.82413475
0.88738500 404.81890927
0.90157500 398.24784851
0.91599200 392.66520153
0.93063900 385.88784955
0.94552100 380.60010409
0.96064100 374.11081602
0.97600200 368.93847419
0.99161000 362.97464973
1.00746600 357.47849328
1.02357700 351.14910126
1.03994500 345.93007617
1.05657400 340.38796244
1.07347000 335.24310021
1.09063600 329.58151825
1.10807600 324.82338317
1.12579500 319.10017840
1.14379800 314.36038989
1.16208800 309.01561694
1.18067100 303.94169126
1.19955100 299.00052223
1.21873200 294.02294672
1.23822100 289.42941499
1.25802100 284.49625020
1.27813800 279.61225816
1.29857700 275.09453014
1.31934200 270.21239722
1.34044000 265.50504317
1.36187500 261.07146084
1.38365200 256.40432214
1.40577800 251.79634606
1.42825800 247.33865997
1.45109700 242.88253776
1.47430100 238.52095866
1.49787700 234.00798540
1.52182900 229.84096874
1.54616500 225.53194093
1.57088900 221.10254291
1.59600900 216.85536235
1.62153100 212.63050614
1.64746100 208.50067370
1.67380500 204.45826682
1.70057100 200.33259033
1.72776400 196.24955616
1.75539300 192.21806068
1.78346300 188.23876409
1.81198200 184.25431438
1.84095700 180.36732494
1.87039600 176.55884683
1.90030500 172.67339911
1.93069300 168.88809469
1.96156600 165.18466018
1.99293400 161.46320057
2.02480300 157.72389882
2.05718100 154.10438804
2.09007700 150.53132057
2.12350000 147.01768743
2.15745600 143.52037266
2.19195600 140.08174315
2.22700700 136.65625780
2.26261900 133.29322063
2.29880000 130.01954990
2.33556000 126.75817388
2.37290800 123.56330095
2.41085300 120.41012981
2.44940400 117.30056357
2.48857300 114.26267710
2.52836800 111.26642384
2.56879900 108.34180094
2.60987700 105.46486063
2.65161100 102.63852112
2.69401200 99.85456538
2.73709200 97.14796421
2.78086000 94.50076219
2.82532900 91.89118523
2.87050800 89.34533859
2.91641000 86.86863264
2.96304600 84.41427018
3.01042800 82.05736887
3.05856800 79.75183407
3.10747700 77.49304306
3.15716800 75.28551692
3.20765400 73.13829543
3.25894700 71.06121853
3.31106100 69.02257389
3.36400900 67.06154964
3.41780200 65.14039824
3.47245600 63.28087864
