0.03121500 16869.02192066
0.04425200 11911.79357126
0.05438800 10244.18792065
0.06273500 9089.22601523
0.07010400 8216.47742387
0.07710400 7512.94378395
0.08893800 5930.52122679
0.09476500 5329.99692136
0.09938400 4877.08855990
0.10422800 4553.80287233
0.10930900 4299.49450457
0.11283300 4127.01618044
0.11833300 3938.41567116
0.12608500 3756.17689833
0.13015000 3614.28140378
0.13434600 3501.31036759
0.13649400 3347.04718434
0.14089400 3216.86397191
0.14314700 3051.14985753
0.14776200 2952.12745098
0.15496400 2716.17184664
0.15744200 2588.64376495
0.15996000 2493.29787026
0.16251800 2413.26460310
0.17044000 2272.01692318
0.17316500 2245.99846989
0.17874700 2173.97754045
0.18160600 2115.03623037
0.18451000 2062.01996633
0.18746000 2041.30911216
0.19045800 2013.71135272
0.19350400 1952.70521591
0.19974200 1861.09375578
0.20293600 1798.48364414
0.20618100 1736.30427976
0.20947800 1709.28552939
0.21282800 1675.80576033
0.21623100 1576.04049868
0.21968900 1575.10358233
0.22320200 1533.89840078
0.22677100 1485.56531352
0.23039700 1471.82965174
0.23408100 1401.95786816
0.23782500 1388.91722591
0.24162800 1366.81097339
0.24549100 1323.86799563
0.24941700 1346.26701120
0.25340500 1278.18413956
0.25745800 1265.77929730
0.26157500 1226.82710683
0.26575700 1199.30315641
0.27000700 1161.32482157
0.27432500 1128.31398362
0.27871200 1108.73790159
0.28316800 1089.02286061
0.28769700 1054.16923979
0.29229700 1031.48427709
0.29697100 999.20420838
0.30172000 989.97334154
0.30654500 967.48024026
0.31144700 936.42417250
0.31642700 925.89922732
0.32148700 902.58792542
0.32662800 878.55397817
0.33185100 862.44028117
0.33715700 828.39297504
0.34254900 822.14835394
0.34802700 803.28436879
0.35359200 790.12905468
0.35924600 767.24563870
0.36499100 743.83424271
0.37082700 728.57859093
0.37675700 712.60913214
0.38278200 701.60453916
0.38890300 682.33785501
0.39512200 675.41618709
0.40144000 652.37462359
0.40786000 640.37638502
0.41438200 630.66842929
0.42100800 612.70822115
0.42774000 599.79478883
0.43458000 584.07871163
0.44153000 577.00334107
0.44859000 564.55531819
0.45576300 549.37359064
0.46305100 536.67350377
0.47045600 529.60437206
0.47797900 518.17694669
0.48562200 505.64587335
0.49338800 492.91407230
0.50127800 485.41124721
0.50929400 478.06025170
0.51743800 463.96632535
0.52571200 456.48708088
0.53411900 446.96447851
0.54266000 439.27806290
0.55133700 431.37369315
0.56015400 419.70035057
0.56911100 414.50141625
0.57821100 406.20810942
0.58745800 394.53683946
0.59685200 390.28973108
0.60639600 381.47981803
0.61609300 373.79272706
0.62594500 367.08773366
0.63595400 362.40798751
0.64612300 353.31338752
0.65645600 346.22837916
0.66695300 342.82619292
0.67761800 335.05477456
0.68845400 327.99640561
0.69946300 323.79690771
0.71064800 316.29360058
0.72201200 310.97475739
0.73355700 305.59251733
0.74528800 299.81588419
0.75720500 294.67194887
0.76931400 289.29450132
0.78161600 283.99476892
0.79411500 280.34568882
0.80681300 274.30709367
0.81971500 270.15822023
0.83282300 265.77715340
0.84614000 260.70373955
0.85967100 256.95341473
0.87341800 251.83119835
0.88738500 248.16241577
0.90157500 243.55006053
0.91599200 240.26608760
0.93063900 235.84795309
0.94552100 232.10727108
0.96064100 227.95760052
0.97600200 224.87791598
0.99161000 221.06552971
1.00746600 217.68687848
1.02357700 213.63040919
1.03994500 210.61363863
1.05657400 206.98084421
1.07347000 203.89404883
1.09063600 200.49742452
1.10807600 197.82073108
1.12579500 194.20626863
1.14379800 191.60859456
1.16208800 188.31107986
1.18067100 185.38395036
1.19955100 182.58253633
1.21873200 179.60174975
1.23822100 177.08120301
1.25802100 174.36348006
1.27813800 171.39648189
1.29857700 169.14896811
1.31934200 166.30958885
1.34044000 163.65877006
1.36187500 161.37353813
1.38365200 158.83372518
1.40577800 156.26668654
1.42825800 153.85992767
1.45109700 151.55985192
1.47430100 149.23947980
1.49787700 146.80481767
1.52182900 144.63231221
1.54616500 142.43840350
1.57088900 140.15137921
1.59600900 137.93702891
1.62153100 135.77380752
1.64746100 133.66127347
1.67380500 131.69666772
1.70057100 129.51644385
1.72776400 127.53576912
1.75539300 125.45425818
1.78346300 123.47613192
1.81198200 121.44680040
1.84095700 119.51974701
1.87039600 117.63375164
1.90030500 115.68436521
1.93069300 113.77205355
1.96156600 111.96035517
1.99293400 110.05033978
2.02480300 108.25142104
2.05718100 106.42635562
2.09007700 104.65960280
2.12350000 102.89335911
2.15745600 101.12291943
2.19195600 99.39836599
2.22700700 97.67268915
2.26261900 95.99628213
2.29880000 94.30946564
2.33556000 92.66337243
2.37290800 91.02168354
2.41085300 89.40592805
2.44940400 87.80874553
2.48857300 86.22921936
2.52836800 84.68493628
2.56879900 83.15013590
2.60987700 81.63773454
2.65161100 80.13879781
2.69401200 78.69092420
2.73709200 77.22393133
2.78086000 75.79576610
2.82532900 74.40314667
2.87050800 73.01232297
2.91641000 71.65692754
2.96304600 70.30839607
3.01042800 69.00059309
3.05856800 67.69811111
3.10747700 66.44034612
3.15716800 65.19158987
3.20765400 63.95614738
3.25894700 62.77108002
3.31106100 61.59389981
3.36400900 60.44508878
3.41780200 59.32333343
3.47245600 58.22505059
