0.03121500 20785.02327103
0.04425200 14673.60412559
0.05438800 12616.83096510
0.06273500 11187.97530352
0.07010400 10111.40670081
0.07710400 9252.33183136
0.08893800 7322.04515382
0.09476500 6591.44459010
0.09938400 6042.10793148
0.10422800 5653.35367049
0.10930900 5338.62175265
0.11283300 5125.31788577
0.11833300 4894.13749501
0.12608500 4671.33834494
0.13015000 4496.43438135
0.13434600 4356.39983290
0.13649400 4163.14876640
0.14089400 4015.08866382
0.14314700 3808.68040850
0.14776200 3690.79692800
0.15496400 3406.32792955
0.15744200 3256.76428096
0.15996000 3144.37631894
0.16251800 3051.17092562
0.17044000 2876.62618772
0.17316500 2845.39443157
0.17874700 2751.64893688
0.18160600 2678.48492477
0.18451000 2615.02542650
0.18746000 2588.60054357
0.19045800 2554.58578426
0.19350400 2478.35161406
0.19974200 2365.28651483
0.20293600 2289.36427552
0.20618100 2212.04178163
0.20947800 2183.13664825
0.21282800 2145.42912913
0.21623100 2023.76335945
0.21968900 2028.12438988
0.22320200 1976.31683962
0.22677100 1915.62146000
0.23039700 1901.96189192
0.23408100 1814.10951720
0.23782500 1799.57572446
0.24162800 1772.15008307
0.24549100 1714.55384052
0.24941700 1742.39562849
0.25340500 1661.28759396
0.25745800 1644.34143849
0.26157500 1595.14353854
0.26575700 1566.36222695
0.27000700 1515.78448463
0.27432500 1475.39483512
0.27871200 1450.41694798
0.28316800 1431.11499648
0.28769700 1388.91078922
0.29229700 1360.83747378
0.29697100 1320.40849832
0.30172000 1310.94785586
0.30654500 1282.42300884
0.31144700 1242.62475117
0.31642700 1229.05753317
0.32148700 1200.12483680
0.32662800 1169.23573797
0.33185100 1150.03379681
0.33715700 1107.56272333
0.34254900 1100.52002933
0.34802700 1077.64633990
0.35359200 1062.29796649
0.35924600 1033.36342438
0.36499100 1004.49555923
0.37082700 985.53877521
0.37675700 965.54919405
0.38278200 951.55184717
0.38890300 927.23430396
0.39512200 920.59011407
0.40144000 890.77111025
0.40786000 875.86798258
0.41438200 863.84925290
0.42100800 841.47525270
0.42774000 824.78450497
0.43458000 805.67669111
0.44153000 796.47645202
0.44859000 780.80931565
0.45576300 761.90478192
0.46305100 745.85082264
0.47045600 736.65611570
0.47797900 722.70080779
0.48562200 705.70815802
0.49338800 691.11128330
0.50127800 681.60496066
0.50929400 671.33192114
0.51743800 653.45122945
0.52571200 644.25995955
0.53411900 632.10268806
0.54266000 622.15480800
0.55133700 612.06721410
0.56015400 596.85666239
0.56911100 590.38721263
0.57821100 579.78358992
0.58745800 564.80613282
0.59685200 559.11111930
0.60639600 548.08288286
0.61609300 537.82695106
0.62594500 529.10500406
0.63595400 522.95794859
0.64612300 511.48315902
0.65645600 502.37367730
0.66695300 497.35919997
0.67761800 487.40803257
0.68845400 478.26541615
0.69946300 472.38327055
0.71064800 462.98716133
0.72201200 455.83006509
0.73355700 448.62185167
0.74528800 440.85209558
0.75720500 433.98821747
0.76931400 426.58257808
0.78161600 419.45304474
0.79411500 414.32707744
0.80681300 406.59601200
0.81971500 400.60921526
0.83282300 394.75331675
0.84614000 387.83036218
0.85967100 382.55019885
0.87341800 375.70616791
0.88738500 370.35742300
0.90157500 364.19090603
0.91599200 359.30865267
0.93063900 353.07408558
0.94552100 348.11489367
0.96064100 342.24489672
0.97600200 337.64254759
0.99161000 332.19373123
1.00746600 327.32648446
1.02357700 321.53728361
1.03994500 317.13883052
1.05657400 311.95874570
1.07347000 307.43702654
1.09063600 302.51847474
1.10807600 298.33697070
1.12579500 293.12694597
1.14379800 289.09668760
1.16208800 284.38814967
1.18067100 279.88361701
1.19955100 275.70714807
1.21873200 271.25662230
1.23822100 267.32183589
1.25802100 263.12310969
1.27813800 258.77524464
1.29857700 254.97936647
1.31934200 250.70307674
1.34044000 246.68405678
1.36187500 242.88619825
1.38365200 238.87621419
1.40577800 234.97178669
1.42825800 231.13975318
1.45109700 227.37227009
1.47430100 223.63740698
1.49787700 219.79423915
1.52182900 216.27203247
1.54616500 212.57612723
1.57088900 208.84062140
1.59600900 205.26167188
1.62153100 201.69342734
1.64746100 198.15793563
1.67380500 194.80447166
1.70057100 191.26812151
1.72776400 187.85492023
1.75539300 184.43473749
1.78346300 181.08462008
1.81198200 177.72100935
1.84095700 174.43225346
1.87039600 171.25740759
1.90030500 167.94644446
1.93069300 164.74613125
1.96156600 161.60243415
1.99293400 158.42181581
2.02480300 155.28986758
2.05718100 152.21882552
2.09007700 149.18902891
2.12350000 146.19988271
2.15745600 143.21147440
2.19195600 140.30212838
2.22700700 137.36216047
2.26261900 134.50145112
2.29880000 131.69116464
2.33556000 128.88107772
2.37290800 126.12257093
2.41085300 123.43496259
2.44940400 120.73917706
2.48857300 118.10028941
2.52836800 115.51263391
2.56879900 112.96783028
2.60987700 110.47217759
2.65161100 107.99333783
2.69401200 105.56254953
2.73709200 103.17723373
2.78086000 100.84264140
2.82532900 98.55021038
2.87050800 96.28466472
2.91641000 94.09027930
2.96304600 91.91337679
3.01042800 89.82046706
3.05856800 87.75351289
3.10747700 85.72917676
3.15716800 83.74815375
3.20765400 81.80655058
3.25894700 79.93644978
3.31106100 78.10006395
3.36400900 76.31939763
3.41780200 74.57819555
3.47245600 72.88554473
