0.03121500 17172.77567799
0.04425200 12120.05323774
0.05438800 10419.63009276
0.06273500 9242.99907590
0.07010400 8348.42112871
0.07710400 7648.69355245
0.08893800 6085.21722355
0.09476500 5496.36070081
0.09938400 5056.95714611
0.10422800 4747.47425027
0.10930900 4485.23507402
0.11283300 4308.70634868
0.11833300 4118.76312710
0.12608500 3935.98606151
0.13015000 3790.10653408
0.13434600 3672.89149981
0.13649400 3509.69020960
0.14089400 3403.70051110
0.14314700 3229.99327766
0.14776200 3137.06834234
0.15496400 2911.60493595
0.15744200 2800.25766624
0.15996000 2713.43799773
0.16251800 2645.33509708
0.17044000 2499.31632520
0.17316500 2474.78319038
0.17874700 2389.15785720
0.18160600 2327.97665205
0.18451000 2276.99650983
0.18746000 2253.84295220
0.19045800 2225.59906841
0.19350400 2163.13600653
0.19974200 2066.27009439
0.20293600 2006.82569894
0.20618100 1940.56640976
0.20947800 1924.25235969
0.21282800 1896.18907794
0.21623100 1800.07273541
0.21968900 1808.64826214
0.22320200 1764.25599444
0.22677100 1714.29278344
0.23039700 1704.62409500
0.23408100 1629.74676328
0.23782500 1621.20097611
0.24162800 1598.47701353
0.24549100 1544.45090729
0.24941700 1567.41538298
0.25340500 1505.44246845
0.25745800 1486.61211307
0.26157500 1445.48274773
0.26575700 1427.52027142
0.27000700 1381.65193393
0.27432500 1347.50393078
0.27871200 1326.21788993
0.28316800 1316.23457172
0.28769700 1281.80739718
0.29229700 1258.60465846
0.29697100 1224.31837992
0.30172000 1218.98476292
0.30654500 1194.25284639
0.31144700 1159.91116203
0.31642700 1148.47325893
0.32148700 1124.75290044
0.32662800 1097.52383768
0.33185100 1080.76529159
0.33715700 1046.33057180
0.34254900 1039.24429416
0.34802700 1021.06018288
0.35359200 1010.10670348
0.35924600 984.96883326
0.36499100 960.89927416
0.37082700 943.83842990
0.37675700 927.52017365
0.38278200 915.46278379
0.38890300 894.83676634
0.39512200 891.41356412
0.40144000 865.81896809
0.40786000 852.31785225
0.41438200 841.88796903
0.42100800 822.77310187
0.42774000 808.51600048
0.43458000 792.96107541
0.44153000 785.07861348
0.44859000 770.41404486
0.45576300 755.29218874
0.46305100 741.62107672
0.47045600 732.53435762
0.47797900 721.02204423
0.48562200 704.87666726
0.49338800 693.61485861
0.50127800 685.27284499
0.50929400 675.68653214
0.51743800 659.94391203
0.52571200 651.47869622
0.53411900 641.63886042
0.54266000 632.39265630
0.55133700 622.60702641
0.56015400 609.80481314
0.56911100 603.29303274
0.57821100 593.79396801
0.58745800 580.79889819
0.59685200 575.38748373
0.60639600 565.97778465
0.61609300 555.84998800
0.62594500 547.50837402
0.63595400 541.68865227
0.64612300 531.60297374
0.65645600 523.10830814
0.66695300 517.92730255
0.67761800 508.40872838
0.68845400 500.08637336
0.69946300 494.43210304
0.71064800 485.97261757
0.72201200 478.92695111
0.73355700 471.94720602
0.74528800 464.22816327
0.75720500 457.46282045
0.76931400 450.21928276
0.78161600 442.95929077
0.79411500 437.46109116
0.80681300 429.79617178
0.81971500 424.12488607
0.83282300 417.76681709
0.84614000 410.59397448
0.85967100 405.44576311
0.87341800 398.55927560
0.88738500 392.58671419
0.90157500 386.28735100
0.91599200 380.69558659
0.93063900 374.09155504
0.94552100 368.97356936
0.96064100 362.67764918
0.97600200 357.55894545
0.99161000 351.83985957
1.00746600 346.12613782
1.02357700 340.04112955
1.03994500 334.49689201
1.05657400 329.16484221
1.07347000 323.72158445
1.09063600 317.99216552
1.10807600 313.05661210
1.12579500 307.40035190
1.14379800 302.37016140
1.16208800 296.75480624
1.18067100 291.64083063
1.19955100 286.34003030
1.21873200 281.09745170
1.23822100 276.25606653
1.25802100 271.03088747
1.27813800 265.96339214
1.29857700 261.20501668
1.31934200 256.11282441
1.34044000 251.08230069
1.36187500 246.25138052
1.38365200 241.28631053
1.40577800 236.38017642
1.42825800 231.68425095
1.45109700 226.95012251
1.47430100 222.16532717
1.49787700 217.39602787
1.52182900 212.93143290
1.54616500 208.28311000
1.57088900 203.64057685
1.59600900 199.04795778
1.62153100 194.56497030
1.64746100 190.20264362
1.67380500 185.77811784
1.70057100 181.45861881
1.72776400 177.15094193
1.75539300 172.82522699
1.78346300 168.64898171
1.81198200 164.43656816
1.84095700 160.27698945
1.87039600 156.30617298
1.90030500 152.19092666
1.93069300 148.16650044
1.96156600 144.32932178
1.99293400 140.42295081
2.02480300 136.63503573
2.05718100 132.85559495
2.09007700 129.17728680
2.12350000 125.52977504
2.15745600 121.93272514
2.19195600 118.41479807
2.22700700 114.92430357
2.26261900 111.53302518
2.29880000 108.18322878
2.33556000 104.89640943
2.37290800 101.66873106
2.41085300 98.53664755
2.44940400 95.43113486
2.48857300 92.40385496
2.52836800 89.42927042
2.56879900 86.54522041
2.60987700 83.71040025
2.65161100 80.94400106
2.69401200 78.23431339
2.73709200 75.59760313
2.78086000 73.02144533
2.82532900 70.51940000
2.87050800 68.05703429
2.91641000 65.67423795
2.96304600 63.34244954
3.01042800 61.09432220
3.05856800 58.89767240
3.10747700 56.75505413
3.15716800 54.68223296
3.20765400 52.65819606
3.25894700 50.70262637
3.31106100 48.80581473
3.36400900 46.96761051
3.41780200 45.17796010
3.47245600 43.44588248
