0.03121500 20636.92679444
0.04425200 14593.27826169
0.05438800 12560.48401984
0.06273500 11154.00378856
0.07010400 10089.92448068
0.07710400 9230.74498337
0.08893800 7298.15767005
0.09476500 6564.42412605
0.09938400 6010.79432998
0.10422800 5614.86326560
0.10930900 5304.99138402
0.11283300 5094.92441663
0.11833300 4864.71742521
0.12608500 4642.12480287
0.13015000 4469.11237227
0.13434600 4331.46932463
0.13649400 4143.98063457
0.14089400 3983.04022612
0.14314700 3781.36140446
0.14776200 3659.84271960
0.15496400 3371.07220252
0.15744200 3214.35608941
0.15996000 3097.13012798
0.16251800 2998.70396928
0.17044000 2826.48376017
0.17316500 2794.61796187
0.17874700 2707.56008411
0.18160600 2635.81225075
0.18451000 2570.76528922
0.18746000 2545.67994449
0.19045800 2512.00476700
0.19350400 2437.87869127
0.19974200 2325.99590913
0.20293600 2249.56722276
0.20618100 2173.74708701
0.20947800 2140.13993202
0.21282800 2098.61136759
0.21623100 1976.82107878
0.21968900 1974.64823317
0.22320200 1924.55606104
0.22677100 1865.90821665
0.23039700 1848.42736601
0.23408100 1763.53059488
0.23782500 1747.42466425
0.24162800 1720.51744290
0.24549100 1668.91556026
0.24941700 1696.17095329
0.25340500 1612.75199153
0.25745800 1597.74879014
0.26157500 1550.47873863
0.26575700 1516.05403639
0.27000700 1470.39500826
0.27432500 1430.00280728
0.27871200 1406.29382008
0.28316800 1381.34315407
0.28769700 1338.70701170
0.29229700 1311.05380924
0.29697100 1271.78597453
0.30172000 1260.22787962
0.30654500 1232.92538652
0.31144700 1195.32405205
0.31642700 1182.60989251
0.32148700 1154.23860002
0.32662800 1125.16875979
0.33185100 1105.31073532
0.33715700 1063.94317436
0.34254900 1056.11528632
0.34802700 1033.04878722
0.35359200 1016.83869231
0.35924600 989.08577241
0.36499100 960.51586312
0.37082700 941.88202024
0.37675700 922.47057241
0.38278200 909.12135550
0.38890300 885.76815395
0.39512200 877.03438034
0.40144000 849.18551038
0.40786000 834.51678206
0.41438200 822.63122878
0.42100800 800.74851589
0.42774000 785.17551337
0.43458000 765.97117530
0.44153000 757.46791621
0.44859000 742.26832791
0.45576300 723.83427189
0.46305100 708.41238889
0.47045600 699.82494123
0.47797900 685.89190311
0.48562200 670.82833166
0.49338800 655.14962689
0.50127800 646.06708164
0.50929400 637.29090064
0.51743800 620.17893369
0.52571200 611.02859356
0.53411900 599.51710079
0.54266000 590.22081395
0.55133700 580.61133722
0.56015400 566.52718787
0.56911100 560.15906561
0.57821100 550.14521953
0.58745800 536.00447664
0.59685200 530.89898345
0.60639600 520.22208060
0.61609300 510.91268523
0.62594500 502.78017622
0.63595400 497.17175729
0.64612300 486.11944866
0.65645600 477.53988883
0.66695300 473.51296921
0.67761800 464.09486351
0.68845400 455.58045065
0.69946300 450.56053739
0.71064800 441.45270528
0.72201200 435.05655391
0.73355700 428.60747990
0.74528800 421.63617079
0.75720500 415.44050501
0.76931400 408.99017551
0.78161600 402.61601537
0.79411500 398.24705896
0.80681300 390.94818154
0.81971500 386.01796603
0.83282300 380.75837491
0.84614000 374.62196558
0.85967100 370.18045951
0.87341800 364.01776393
0.88738500 359.66321757
0.90157500 354.11383984
0.91599200 350.22053841
0.93063900 344.92181303
0.94552100 340.45682683
0.96064100 335.47601535
0.97600200 331.84070269
0.99161000 327.30034822
1.00746600 323.27595637
1.02357700 318.45304116
1.03994500 314.83091208
1.05657400 310.54072355
1.07347000 306.86544084
1.09063600 302.82546594
1.10807600 299.69909288
1.12579500 295.38165615
1.14379800 292.35180604
1.16208800 288.41839733
1.18067100 284.95403070
1.19955100 281.65182352
1.21873200 278.13639242
1.23822100 275.18346767
1.25802100 271.98936920
1.27813800 268.49000628
1.29857700 265.87668795
1.31934200 262.53013177
1.34044000 259.43413699
1.36187500 256.76818248
1.38365200 253.79245322
1.40577800 250.76672356
1.42825800 247.96089565
1.45109700 245.30820431
1.47430100 242.60395348
1.49787700 239.75900002
1.52182900 237.24291273
1.54616500 234.70427639
1.57088900 232.04426820
1.59600900 229.47965622
1.62153100 226.96875180
1.64746100 224.53662414
1.67380500 222.25939560
1.70057100 219.74577938
1.72776400 217.46539545
1.75539300 215.04670824
1.78346300 212.77849852
1.81198200 210.43576968
1.84095700 208.22299103
1.87039600 206.04527672
1.90030500 203.81234701
1.93069300 201.62016631
1.96156600 199.53718150
1.99293400 197.34547043
2.02480300 195.28876894
2.05718100 193.19007598
2.09007700 191.16661094
2.12350000 189.14096327
2.15745600 187.11513496
2.19195600 185.14088539
2.22700700 183.17007965
2.26261900 181.24032827
2.29880000 179.31152846
2.33556000 177.42849601
2.37290800 175.55117788
2.41085300 173.70621833
2.44940400 171.88330620
2.48857300 170.06882639
2.52836800 168.30449912
2.56879900 166.54892791
2.60987700 164.81812633
2.65161100 163.10490269
2.69401200 161.44689669
2.73709200 159.76790443
2.78086000 158.13070191
2.82532900 156.53402440
2.87050800 154.93467471
2.91641000 153.38021718
2.96304600 151.82847045
3.01042800 150.32631583
3.05856800 148.82915020
3.10747700 147.38165650
3.15716800 145.94246695
3.20765400 144.51876930
3.25894700 143.15476424
3.31106100 141.79409805
3.36400900 140.46959391
3.41780200 139.17395761
3.47245600 137.90462901
