0.03121500 17105.41940763
0.04425200 12071.53242507
0.05438800 10377.38113231
0.06273500 9201.46601635
0.07010400 8312.78968025
0.07710400 7611.24024861
0.08893800 6038.74134097
0.09476500 5445.16407816
0.09938400 5000.54312435
0.10422800 4687.26370712
0.10930900 4426.85041576
0.11283300 4250.98433549
0.11833300 4061.30893049
0.12608500 3878.64151184
0.13015000 3734.16690717
0.13434600 3618.01745044
0.13649400 3456.76169514
0.14089400 3344.10718320
0.14314700 3172.31214963
0.14776200 3077.98235451
0.15496400 2848.87489037
0.15744200 2732.35417827
0.15996000 2643.27108344
0.16251800 2571.35274082
0.17044000 2426.74234393
0.17316500 2401.65923229
0.17874700 2319.96108371
0.18160600 2259.38148178
0.18451000 2208.05015687
0.18746000 2185.60036044
0.19045800 2157.51243292
0.19350400 2094.62330181
0.19974200 1999.97689674
0.20293600 1939.11701131
0.20618100 1874.28772451
0.20947800 1854.55160262
0.21282800 1825.49236174
0.21623100 1727.16953558
0.21968900 1734.20236597
0.22320200 1690.61222395
0.22677100 1640.44893293
0.23039700 1630.55989256
0.23408100 1556.86854343
0.23782500 1546.55929909
0.24162800 1523.99286962
0.24549100 1472.79761442
0.24941700 1495.82309570
0.25340500 1431.66546577
0.25745800 1415.29039331
0.26157500 1374.26469159
0.26575700 1354.15640917
0.27000700 1309.96189248
0.27432500 1276.33181830
0.27871200 1255.28366555
0.28316800 1242.95533067
0.28769700 1208.59317359
0.29229700 1185.41254019
0.29697100 1151.55614610
0.30172000 1145.22898725
0.30654500 1121.11871526
0.31144700 1087.30980367
0.31642700 1075.96410161
0.32148700 1052.14389643
0.32662800 1025.76340675
0.33185100 1009.66868869
0.33715700 974.84689841
0.34254900 968.62357480
0.34802700 950.18091488
0.35359200 938.31512160
0.35924600 913.94465810
0.36499100 890.04387587
0.37082700 873.81368654
0.37675700 857.36122561
0.38278200 845.48080688
0.38890300 825.15544119
0.39512200 821.07878693
0.40144000 795.73619074
0.40786000 782.89377510
0.41438200 772.74403393
0.42100800 753.91274760
0.42774000 739.88645141
0.43458000 724.33990463
0.44153000 716.60006894
0.44859000 702.82661053
0.45576300 687.48504658
0.46305100 673.92203399
0.47045600 665.56721778
0.47797900 654.24386112
0.48562200 638.92638502
0.49338800 627.57199200
0.50127800 619.57637584
0.50929400 610.35164219
0.51743800 595.05622777
0.52571200 587.18924039
0.53411900 577.12430177
0.54266000 568.47120040
0.55133700 559.44968129
0.56015400 546.62648938
0.56911100 540.84134880
0.57821100 531.76567279
0.58745800 519.04188828
0.59685200 514.06037325
0.60639600 504.80775335
0.61609300 495.39037042
0.62594500 487.59023819
0.63595400 482.29282566
0.64612300 472.52512126
0.65645600 464.58373024
0.66695300 459.78819231
0.67761800 451.08441582
0.68845400 443.13269499
0.69946300 437.79977126
0.71064800 429.88483570
0.72201200 423.35732971
0.73355700 416.99189622
0.74528800 409.85365725
0.75720500 403.63627444
0.76931400 396.88765256
0.78161600 390.32355528
0.79411500 385.46975572
0.80681300 378.56944906
0.81971500 373.23088152
0.83282300 367.76654835
0.84614000 361.09873866
0.85967100 356.42646246
0.87341800 350.21793129
0.88738500 344.96636419
0.90157500 339.34103136
0.91599200 334.42944693
0.93063900 328.58657389
0.94552100 324.04988843
0.96064100 318.43441667
0.97600200 313.94584122
0.99161000 308.79204758
1.00746600 303.93563675
1.02357700 298.49204585
1.03994500 293.79332408
1.05657400 289.04539053
1.07347000 284.47740418
1.09063600 279.47727228
1.10807600 275.28764294
1.12579500 270.33085540
1.14379800 266.07664202
1.16208800 261.33430060
1.18067100 256.90240084
1.19955100 252.44834057
1.21873200 248.07207580
1.23822100 243.98340699
1.25802100 239.57747484
1.27813800 235.26629106
1.29857700 231.23272930
1.31934200 226.90720105
1.34044000 222.66890680
1.36187500 218.71174393
1.38365200 214.53552508
1.40577800 210.42349503
1.42825800 206.47497678
1.45109700 202.46286571
1.47430100 198.55003754
1.49787700 194.51566366
1.52182900 190.75344884
1.54616500 186.92721505
1.57088900 182.94512379
1.59600900 179.14919838
1.62153100 175.37174380
1.64746100 171.68205801
1.67380500 168.02597083
1.70057100 164.35282528
1.72776400 160.68986644
1.75539300 157.06792435
1.78346300 153.54196493
1.81198200 149.95611569
1.84095700 146.48193764
1.87039600 143.05381737
1.90030500 139.60643680
1.93069300 136.21857243
1.96156600 132.91334121
1.99293400 129.61805837
2.02480300 126.28235134
2.05718100 123.07127653
2.09007700 119.89296861
2.12350000 116.75717662
2.15745600 113.65693655
2.19195600 110.60908826
2.22700700 107.59131169
2.26261900 104.60747236
2.29880000 101.71383194
2.33556000 98.84165165
2.37290800 96.04404035
2.41085300 93.25392109
2.44940400 90.52458514
2.48857300 87.84868007
2.52836800 85.21818970
2.56879900 82.67009597
2.60987700 80.16041575
2.65161100 77.69663024
2.69401200 75.26611937
2.73709200 72.90110275
2.78086000 70.60846026
2.82532900 68.34568203
2.87050800 66.12809069
2.91641000 63.98813552
2.96304600 61.86597404
3.01042800 59.83077599
3.05856800 57.84159908
3.10747700 55.89526415
3.15716800 54.00051682
3.20765400 52.15265075
3.25894700 50.37346485
3.31106100 48.62767563
3.36400900 46.94679212
3.41780200 45.30711122
3.47245600 43.70871949
