0.03121500 16842.82669293
0.04425200 11895.53163551
0.05438800 10231.49825386
0.06273500 9080.16182871
0.07010400 8209.11278076
0.07710400 7505.79350972
0.08893800 5923.78892898
0.09476500 5323.15897573
0.09938400 4869.96088870
0.10422800 4545.85405368
0.10930900 4292.19475832
0.11283300 4120.23517731
0.11833300 3931.78909137
0.12608500 3749.57608305
0.13015000 3607.94912739
0.13434600 3495.27534009
0.13649400 3341.79820379
0.14089400 3210.05333429
0.14314700 3044.96023991
0.14776200 2945.48576092
0.15496400 2709.09991814
0.15744200 2580.81303190
0.15996000 2484.85255100
0.16251800 2404.28147778
0.17044000 2263.30302996
0.17316500 2237.21787534
0.17874700 2165.95280987
0.18160600 2107.22045649
0.18451000 2053.97339727
0.18746000 2033.43868197
0.19045800 2005.87238022
0.19350400 1945.19321166
0.19974200 1853.60662582
0.20293600 1791.04255376
0.20618100 1728.97663765
0.20947800 1701.46601871
0.21282800 1667.47098070
0.21623100 1567.77416833
0.21968900 1565.99548972
0.22320200 1524.99033294
0.22677100 1476.98155329
0.23039700 1462.67183202
0.23408100 1393.17583569
0.23782500 1379.99161584
0.24162800 1357.96552307
0.24549100 1315.72452618
0.24941700 1338.03563022
0.25340500 1269.74935994
0.25745800 1257.46782774
0.26157500 1218.77284226
0.26575700 1190.59298396
0.27000700 1153.21677273
0.27432500 1120.15195515
0.27871200 1100.74391800
0.28316800 1080.31944991
0.28769700 1045.41775514
0.29229700 1022.78100664
0.29697100 990.63658865
0.30172000 981.17520031
0.30654500 958.82554042
0.31144700 928.04530970
0.31642700 917.63757367
0.32148700 894.41300090
0.32662800 870.61660108
0.33185100 854.36093932
0.33715700 820.49769781
0.34254900 814.08983482
0.34802700 795.20773464
0.35359200 781.93824652
0.35924600 759.21986991
0.36499100 735.83271060
0.37082700 720.57915669
0.37675700 704.68905993
0.38278200 693.76146968
0.38890300 674.64467657
0.39512200 667.49526098
0.40144000 644.69834022
0.40786000 632.69060570
0.41438200 622.96116186
0.42100800 605.04810210
0.42774000 592.30013405
0.43458000 576.57957613
0.44153000 569.61885837
0.44859000 557.17656500
0.45576300 542.08655543
0.46305100 529.46229292
0.47045600 522.43265890
0.47797900 511.02715604
0.48562200 498.69620526
0.49338800 485.86170997
0.50127800 478.42679198
0.50929400 471.24266195
0.51743800 457.23490669
0.52571200 449.74449221
0.53411900 440.32125210
0.54266000 432.71136650
0.55133700 424.84510550
0.56015400 413.31590388
0.56911100 408.10299654
0.57821100 399.90572118
0.58745800 388.33019242
0.59685200 384.15086579
0.60639600 375.41081607
0.61609300 367.79019990
0.62594500 361.13297598
0.63595400 356.54195731
0.64612300 347.49460262
0.65645600 340.47142553
0.66695300 337.17501287
0.67761800 329.46540707
0.68845400 322.49555890
0.69946300 318.38628750
0.71064800 310.93066984
0.72201200 305.69481803
0.73355700 300.41564407
0.74528800 294.70897153
0.75720500 289.63723606
0.76931400 284.35703436
0.78161600 279.13918444
0.79411500 275.56278249
0.80681300 269.58796446
0.81971500 265.55211911
0.83282300 261.24664882
0.84614000 256.22342033
0.85967100 252.58762964
0.87341800 247.54288338
0.88738500 243.97827740
0.90157500 239.43558951
0.91599200 236.24855591
0.93063900 231.91105055
0.94552100 228.25603917
0.96064100 224.17877627
0.97600200 221.20293075
0.99161000 217.48622335
1.00746600 214.19187991
1.02357700 210.24386995
1.03994500 207.27881644
1.05657400 203.76689340
1.07347000 200.75832865
1.09063600 197.45122901
1.10807600 194.89199846
1.12579500 191.35777021
1.14379800 188.87755277
1.16208800 185.65768759
1.18067100 182.82177749
1.19955100 180.11861016
1.21873200 177.24089899
1.23822100 174.82365220
1.25802100 172.20898202
1.27813800 169.34442416
1.29857700 167.20517719
1.31934200 164.46570603
1.34044000 161.93134296
1.36187500 159.74900832
1.38365200 157.31309388
1.40577800 154.83624942
1.42825800 152.53941524
1.45109700 150.36793775
1.47430100 148.15425396
1.49787700 145.82539183
1.52182900 143.76573761
1.54616500 141.68762487
1.57088900 139.51015785
1.59600900 137.41078160
1.62153100 135.35537005
1.64746100 133.36444469
1.67380500 131.50031883
1.70057100 129.44268741
1.72776400 127.57597857
1.75539300 125.59605548
1.78346300 123.73931237
1.81198200 121.82156835
1.84095700 120.01020080
1.87039600 118.22753670
1.90030500 116.39967361
1.93069300 114.60516741
1.96156600 112.90004833
1.99293400 111.10592656
2.02480300 109.42232285
2.05718100 107.70434517
2.09007700 106.04794862
2.12350000 104.38976537
2.15745600 102.73143426
2.19195600 101.11532521
2.22700700 99.50203524
2.26261900 97.92235215
2.29880000 96.34344799
2.33556000 94.80200873
2.37290800 93.26524718
2.41085300 91.75497417
2.44940400 90.26274904
2.48857300 88.77742657
2.52836800 87.33315867
2.56879900 85.89605843
2.60987700 84.47923446
2.65161100 83.07679968
2.69401200 81.71956575
2.73709200 80.34515258
2.78086000 79.00494825
2.82532900 77.69791746
2.87050800 76.38869923
2.91641000 75.11622946
2.96304600 73.84597874
3.01042800 72.61632382
3.05856800 71.39075286
3.10747700 70.20584305
3.15716800 69.02773097
3.20765400 67.86230047
3.25894700 66.74573397
3.31106100 65.63190065
3.36400900 64.54766937
3.41780200 63.48706913
3.47245600 62.44800423
