0.03121500 28416.76640815
0.04425200 20129.77030577
0.05438800 17313.41733158
0.06273500 15360.73285575
0.07010400 13880.50210642
0.07710400 12681.86814983
0.08893800 10030.75558753
0.09476500 9023.43412546
0.09938400 8265.81631728
0.10422800 7717.40819593
0.10930900 7282.70595501
0.11283300 6988.72411620
0.11833300 6658.59151665
0.12608500 6327.19234170
0.13015000 6081.86842717
0.13434600 5882.11702460
0.13649400 5630.90382136
0.14089400 5402.34293901
0.14314700 5134.63575881
0.14776200 4957.24777589
0.15496400 4558.18266022
0.15744200 4350.28149000
0.15996000 4192.28422790
0.16251800 4058.12692580
0.17044000 3809.46304722
0.17316500 3758.13421911
0.17874700 3626.86693388
0.18160600 3527.04234972
0.18451000 3435.62061663
0.18746000 3392.59540837
0.19045800 3339.16105580
0.19350400 3237.36339385
0.19974200 3078.06657052
0.20293600 2974.59254431
0.20618100 2872.30683137
0.20947800 2819.88900928
0.21282800 2758.29979636
0.21623100 2603.87093661
0.21968900 2588.42759108
0.22320200 2517.74629074
0.22677100 2437.60173958
0.23039700 2404.59280684
0.23408100 2295.43025851
0.23782500 2264.24479407
0.24162800 2220.93796618
0.24549100 2150.32880027
0.24941700 2167.02529149
0.25340500 2061.89435809
0.25745800 2032.08045806
0.26157500 1967.35494685
0.26575700 1916.84514069
0.27000700 1854.62084059
0.27432500 1798.41209299
0.27871200 1760.09762041
0.28316800 1720.62626490
0.28769700 1663.03829392
0.29229700 1621.28432631
0.29697100 1567.95927618
0.30172000 1543.01545864
0.30654500 1502.32448084
0.31144700 1451.70750992
0.31642700 1425.98561240
0.32148700 1385.07752177
0.32662800 1343.83179353
0.33185100 1311.73217626
0.33715700 1259.53575194
0.34254900 1239.29780560
0.34802700 1204.96865629
0.35359200 1177.21409780
0.35924600 1139.20017526
0.36499100 1100.87908023
0.37082700 1071.79923127
0.37675700 1042.30402338
0.38278200 1018.33483078
0.38890300 986.01384177
0.39512200 966.40361153
0.40144000 931.00221479
0.40786000 906.93609599
0.41438200 885.37375198
0.42100800 856.02225522
0.42774000 832.06929687
0.43458000 805.59197604
0.44153000 787.70056121
0.44859000 764.91576336
0.45576300 740.04169639
0.46305100 717.77347710
0.47045600 700.77973088
0.47797900 680.18205708
0.48562200 659.11535570
0.49338800 637.97756526
0.50127800 621.68733438
0.50929400 605.83742612
0.51743800 584.75084368
0.52571200 569.22599733
0.53411900 552.45511977
0.54266000 537.37670192
0.55133700 522.37273027
0.56015400 504.94489976
0.56911100 492.46494031
0.57821100 478.07694145
0.58745800 461.61875534
0.59685200 450.61900931
0.60639600 436.73998674
0.61609300 423.91184783
0.62594500 411.99338100
0.63595400 401.65573130
0.64612300 388.73361295
0.65645600 377.37159635
0.66695300 368.53132144
0.67761800 357.25184089
0.68845400 346.68133192
0.69946300 338.00806616
0.71064800 327.65031028
0.72201200 318.78112209
0.73355700 310.10393852
0.74528800 301.41183517
0.75720500 293.27036546
0.76931400 285.22401963
0.78161600 277.41243128
0.79411500 270.61023819
0.80681300 262.80936198
0.81971500 256.13603575
0.83282300 249.50274217
0.84614000 242.70688420
0.85967100 236.71193641
0.87341800 230.24119216
0.88738500 224.58202559
0.90157500 218.64495600
0.91599200 213.42873935
0.93063900 207.86550723
0.94552100 202.71962487
0.96064100 197.53310152
0.97600200 192.90759181
0.99161000 188.10847228
1.00746600 183.58756674
1.02357700 178.93343102
1.03994500 174.75292918
1.05657400 170.47612336
1.07347000 166.48000885
1.09063600 162.47530107
1.10807600 158.82080355
1.12579500 154.92468225
1.14379800 151.46821309
1.16208800 147.85191370
1.18067100 144.44255229
1.19955100 141.15334829
1.21873200 137.88591065
1.23822100 134.83237783
1.25802100 131.78882622
1.27813800 128.74104018
1.29857700 125.97069063
1.31934200 123.09183022
1.34044000 120.33460784
1.36187500 117.73476522
1.38365200 115.12361092
1.40577800 112.55910143
1.42825800 110.09773402
1.45109700 107.72193722
1.47430100 105.38678463
1.49787700 103.07349446
1.52182900 100.87569769
1.54616500 98.72019391
1.57088900 96.58726520
1.59600900 94.51785058
1.62153100 92.50228516
1.64746100 90.54368264
1.67380500 88.65408749
1.70057100 86.76189198
1.72776400 84.95009466
1.75539300 83.15209160
1.78346300 81.41694371
1.81198200 79.70525405
1.84095700 78.05017339
1.87039600 76.43464574
1.90030500 74.84347426
1.93069300 73.29119858
1.96156600 71.78732257
1.99293400 70.29753201
2.02480300 68.85806264
2.05718100 67.44155882
2.09007700 66.06444045
2.12350000 64.71466266
2.15745600 63.39201074
2.19195600 62.10289456
2.22700700 60.84001639
2.26261900 59.60774590
2.29880000 58.40012016
2.33556000 57.22232740
2.37290800 56.06856580
2.41085300 54.94162740
2.44940400 53.83961062
2.48857300 52.76025268
2.52836800 51.70802266
2.56879900 50.67740836
2.60987700 49.66975643
2.65161100 48.68374545
2.69401200 47.72303456
2.73709200 46.77864180
2.78086000 45.85705386
2.82532900 44.95752671
2.87050800 44.07506606
2.91641000 43.21416593
2.96304600 42.37005173
3.01042800 41.54701112
3.05856800 40.74016115
3.10747700 39.95345936
3.15716800 39.18247935
3.20765400 38.42755445
3.25894700 37.69236972
3.31106100 36.97132592
3.36400900 36.26704176
3.41780200 35.57849763
3.47245600 34.90507690
