0.03121500 24663.36793854
0.04425200 17351.37781805
0.05438800 14865.32418070
0.06273500 13136.05184124
0.07010400 11830.38628029
0.07710400 10781.82016854
0.08893800 8464.88449511
0.09476500 7586.73665032
0.09938400 6927.99448172
0.10422800 6454.95039639
0.10930900 6071.33276150
0.11283300 5811.87395811
0.11833300 5523.10417753
0.12608500 5234.26903046
0.13015000 5018.90144287
0.13434600 4843.04015226
0.13649400 4619.21548888
0.14089400 4430.67935572
0.14314700 4193.49480028
0.14776200 4042.31316394
0.15496400 3698.52537229
0.15744200 3523.02199107
0.15996000 3389.51689530
0.16251800 3276.86697156
0.17044000 3059.64323715
0.17316500 3015.86841473
0.17874700 2897.46430870
0.18160600 2809.89362927
0.18451000 2732.12733389
0.18746000 2694.21336574
0.19045800 2648.05576437
0.19350400 2558.32944793
0.19974200 2420.39077892
0.20293600 2331.24932697
0.20618100 2242.01446090
0.20947800 2200.51863074
0.21282800 2150.66786478
0.21623100 2017.09540883
0.21968900 2009.36958743
0.22320200 1947.55330196
0.22677100 1877.15588701
0.23039700 1852.33737283
0.23408100 1756.29562400
0.23782500 1731.20231823
0.24162800 1694.19824504
0.24549100 1629.76402762
0.24941700 1645.79604931
0.25340500 1557.11205155
0.25745800 1531.24268492
0.26157500 1474.90246895
0.26575700 1436.09623603
0.27000700 1380.03287149
0.27432500 1332.68501294
0.27871200 1299.92940153
0.28316800 1270.80546035
0.28769700 1222.55848917
0.29229700 1187.51348340
0.29697100 1142.03328533
0.30172000 1123.19910076
0.30654500 1088.69592036
0.31144700 1045.04447548
0.31642700 1023.79171994
0.32148700 989.65108929
0.32662800 954.51637093
0.33185100 928.94751335
0.33715700 884.83968587
0.34254900 869.67896660
0.34802700 841.89805896
0.35359200 820.22582963
0.35924600 788.54734632
0.36499100 757.20323083
0.37082700 733.88508108
0.37675700 710.03550759
0.38278200 690.95438618
0.38890300 664.52904735
0.39512200 650.68922963
0.40144000 621.18714205
0.40786000 602.44485805
0.41438200 585.91302404
0.42100800 562.52956933
0.42774000 543.43476538
0.43458000 522.83925524
0.44153000 509.21131751
0.44859000 491.63515396
0.45576300 472.18322291
0.46305100 454.95472312
0.47045600 442.31316977
0.47797900 426.80321564
0.48562200 410.13590018
0.49338800 394.68117141
0.50127800 382.71115011
0.50929400 370.71139322
0.51743800 354.58973848
0.52571200 343.50056276
0.53411900 331.07058174
0.54266000 320.11266474
0.55133700 309.31422789
0.56015400 296.17621403
0.56911100 287.66211027
0.57821100 277.29801002
0.58745800 265.11540840
0.59685200 257.62673043
0.60639600 247.76839715
0.61609300 238.65152966
0.62594500 230.39479998
0.63595400 223.42792634
0.64612300 214.33495726
0.65645600 206.50715263
0.66695300 200.65199876
0.67761800 192.86989801
0.68845400 185.62631348
0.69946300 179.90465163
0.71064800 172.90252614
0.72201200 167.01243420
0.73355700 161.24832401
0.74528800 155.47773232
0.75720500 150.16641917
0.76931400 144.84612705
0.78161600 139.75645624
0.79411500 135.48629914
0.80681300 130.43379003
0.81971500 126.14900915
0.83282300 121.99125347
0.84614000 117.66756404
0.85967100 113.93134007
0.87341800 109.82936686
0.88738500 106.32403939
0.90157500 102.64066721
0.91599200 99.47107674
0.93063900 96.00305021
0.94552100 92.93614279
0.96064100 89.76062813
0.97600200 87.00433831
0.99161000 84.09958810
1.00746600 81.42615847
1.02357700 78.59590210
1.03994500 76.19857601
1.05657400 73.64890637
1.07347000 71.34563111
1.09063600 69.01389244
1.10807600 66.91634840
1.12579500 64.63790542
1.14379800 62.68547192
1.16208800 60.63194293
1.18067100 58.68826660
1.19955100 56.85858197
1.21873200 55.01640046
1.23822100 53.33598759
1.25802100 51.65178156
1.27813800 49.96292091
1.29857700 48.45057561
1.31934200 46.86821035
1.34044000 45.37480036
1.36187500 43.97779368
1.38365200 42.56901283
1.40577800 41.21321055
1.42825800 39.90633800
1.45109700 38.64656396
1.47430100 37.42162454
1.49787700 36.21082423
1.52182900 35.07984697
1.54616500 33.95874071
1.57088900 32.85894725
1.59600900 31.80625316
1.62153100 30.78567549
1.64746100 29.79009471
1.67380500 28.85378506
1.70057100 27.90821644
1.72776400 27.00992944
1.75539300 26.12840749
1.78346300 25.28203758
1.81198200 24.44989083
1.84095700 23.65244147
1.87039600 22.88826270
1.90030500 22.12764602
1.93069300 21.39467209
1.96156600 20.69205957
1.99293400 19.99745133
2.02480300 19.33176723
2.05718100 18.68516679
2.09007700 18.06166919
2.12350000 17.45400672
2.15745600 16.86415563
2.19195600 16.29617613
2.22700700 15.73869778
2.26261900 15.20449011
2.29880000 14.68617545
2.33556000 14.18164961
2.37290800 13.69444719
2.41085300 13.22655510
2.44940400 12.76696222
2.48857300 12.32554347
2.52836800 11.89883169
2.56879900 11.48740908
2.60987700 11.08805973
2.65161100 10.70084886
2.69401200 10.32814260
2.73709200 9.96671131
2.78086000 9.61831352
2.82532900 9.28267811
2.87050800 8.95596542
2.91641000 8.64404255
2.96304600 8.34044057
3.01042800 8.05061487
3.05856800 7.76835838
3.10747700 7.49754893
3.15716800 7.23602187
3.20765400 6.98303116
3.25894700 6.74190411
3.31106100 6.50858333
3.36400900 6.28419868
3.41780200 6.06827163
3.47245600 5.86032341
