0.03121500 28809.80994134
0.04425200 20331.71108602
0.05438800 17449.90386313
0.06273500 15447.79178383
0.07010400 13934.08805405
0.07710400 12713.40292028
0.08893800 10014.16334931
0.09476500 8989.87293995
0.09938400 8220.45182147
0.10422800 7666.01600074
0.10930900 7221.44466467
0.11283300 6920.62265725
0.11833300 6584.60872473
0.12608500 6248.10426529
0.13015000 5997.90891082
0.13434600 5793.98440670
0.13649400 5535.62495321
0.14089400 5309.77054777
0.14314700 5035.29052979
0.14776200 4857.20583730
0.15496400 4453.99594751
0.15744200 4245.88357679
0.15996000 4087.85709778
0.16251800 3953.92527567
0.17044000 3701.16257905
0.17316500 3649.65401818
0.17874700 3514.15667531
0.18160600 3412.36884870
0.18451000 3320.72055982
0.18746000 3276.84409253
0.19045800 3222.91274468
0.19350400 3118.80495383
0.19974200 2957.78307113
0.20293600 2853.12093857
0.20618100 2749.27082251
0.20947800 2698.47470128
0.21282800 2638.32997163
0.21623100 2481.83184217
0.21968900 2469.77239260
0.22320200 2397.90770033
0.22677100 2316.08497133
0.23039700 2285.18939537
0.23408100 2173.70266883
0.23782500 2143.32301522
0.24162800 2099.85266838
0.24549100 2026.48354106
0.24941700 2044.58504143
0.25340500 1939.39475886
0.25745800 1909.47039930
0.26157500 1843.78859268
0.26575700 1795.61897630
0.27000700 1731.36985053
0.27432500 1675.38727982
0.27871200 1636.93737025
0.28316800 1600.12863454
0.28769700 1542.83751717
0.29229700 1501.32792712
0.29697100 1447.82306338
0.30172000 1424.33529692
0.30654500 1383.67912214
0.31144700 1332.59157915
0.31642700 1307.29138460
0.32148700 1266.70907462
0.32662800 1225.36384649
0.33185100 1194.38862690
0.33715700 1142.17803357
0.34254900 1123.34244869
0.34802700 1089.84956350
0.35359200 1063.30183744
0.35924600 1025.61464504
0.36499100 988.01162600
0.37082700 959.84433338
0.37675700 931.09468912
0.38278200 907.96581294
0.38890300 876.23391946
0.39512200 858.38389056
0.40144000 823.29818977
0.40786000 800.35474567
0.41438200 779.98015143
0.42100800 751.58315978
0.42774000 728.40238026
0.43458000 703.08320673
0.44153000 686.19943312
0.44859000 664.58136335
0.45576300 640.70889086
0.46305100 619.50185072
0.47045600 603.70447083
0.47797900 584.33426670
0.48562200 564.08091443
0.49338800 544.45673992
0.50127800 529.35146089
0.50929400 514.47365315
0.51743800 494.49288971
0.52571200 480.31427758
0.53411900 464.67293268
0.54266000 450.77615765
0.55133700 437.02099127
0.56015400 420.62271662
0.56911100 409.49806909
0.57821100 396.26249217
0.58745800 380.91555377
0.59685200 371.11691104
0.60639600 358.42302659
0.61609300 346.75156255
0.62594500 336.02749985
0.63595400 326.83388396
0.64612300 315.08170564
0.65645600 304.86471787
0.66695300 297.10008059
0.67761800 286.94238140
0.68845400 277.44873710
0.69946300 269.83425381
0.71064800 260.58395187
0.72201200 252.75689292
0.73355700 245.08507307
0.74528800 237.42019467
0.75720500 230.29210736
0.76931400 223.20812321
0.78161600 216.36965350
0.79411500 210.53414365
0.80681300 203.70438385
0.81971500 197.91559754
0.83282300 192.20652905
0.84614000 186.33730721
0.85967100 181.19239477
0.87341800 175.59354081
0.88738500 170.76269027
0.90157500 165.67688230
0.91599200 161.26743692
0.93063900 156.50583454
0.94552100 152.16607700
0.96064100 147.76484437
0.97600200 143.88475183
0.99161000 139.82573259
1.00746600 136.04549396
1.02357700 132.09640952
1.03994500 128.65819096
1.05657400 125.05425901
1.07347000 121.75380230
1.09063600 118.42501702
1.10807600 115.40979949
1.12579500 112.16940772
1.14379800 109.33362193
1.16208800 106.36047221
1.18067100 103.56255987
1.19955100 100.88122455
1.21873200 98.20323547
1.23822100 95.73078855
1.25802100 93.26015851
1.27813800 90.77600668
1.29857700 88.54855463
1.31934200 86.21567607
1.34044000 83.99010425
1.36187500 81.91364319
1.38365200 79.81816482
1.40577800 77.77543455
1.42825800 75.81301297
1.45109700 73.91650084
1.47430100 72.06482794
1.49787700 70.22989812
1.52182900 68.49961379
1.54616500 66.79880357
1.57088900 65.12059382
1.59600900 63.49661048
1.62153100 61.92299258
1.64746100 60.38955510
1.67380500 58.93099793
1.70057100 57.45627244
1.72776400 56.05486943
1.75539300 54.67022078
1.78346300 53.33346772
1.81198200 52.01743961
1.84095700 50.75111264
1.87039600 49.52394983
1.90030500 48.30862110
1.93069300 47.12803400
1.96156600 45.99242169
1.99293400 44.86459653
2.02480300 43.78150303
2.05718100 42.71985262
2.09007700 41.69073384
2.12350000 40.68376106
2.15745600 39.70059932
2.19195600 38.74628039
2.22700700 37.81075942
2.26261900 36.90674057
2.29880000 36.02097035
2.33556000 35.15951017
2.37290800 34.31921315
2.41085300 33.50165147
2.44940400 32.70252771
2.48857300 31.92561428
2.52836800 31.17048488
2.56879900 30.43450089
2.60987700 29.71637657
2.65161100 29.01589460
2.69401200 28.33778656
2.73709200 27.67258029
2.78086000 27.02667969
2.82532900 26.39972585
2.87050800 25.78688568
2.91641000 25.19209129
2.96304600 24.61109782
3.01042800 24.04765385
3.05856800 23.49677580
3.10747700 22.96275120
3.15716800 22.44240292
3.20765400 21.93428603
3.25894700 21.44265261
3.31106100 20.96261954
3.36400900 20.49604949
3.41780200 20.04249118
3.47245600 19.60028597
