0.03121500 25319.77741513
0.04425200 17802.74383941
0.05438800 15246.60274862
0.06273500 13469.19555059
0.07010400 12123.58473269
0.07710400 11057.50364675
0.08893800 8708.98182088
0.09476500 7821.75208632
0.09938400 7159.24756534
0.10422800 6686.20588932
0.10930900 6289.37223952
0.11283300 6022.04152335
0.11833300 5726.32084613
0.12608500 5430.58129859
0.13015000 5208.32049587
0.13434600 5025.79089564
0.13649400 4791.68442677
0.14089400 4614.87506938
0.14314700 4367.73135425
0.14776200 4217.16617966
0.15496400 3872.60859943
0.15744200 3703.93098300
0.15996000 3572.91122976
0.16251800 3465.42264151
0.17044000 3239.72066512
0.17316500 3195.48336426
0.17874700 3065.22822583
0.18160600 2974.30941256
0.18451000 2895.81534870
0.18746000 2855.23349241
0.19045800 2807.26864597
0.19350400 2714.28370124
0.19974200 2569.47389174
0.20293600 2480.16658826
0.20618100 2386.25139015
0.20947800 2349.88541752
0.21282800 2301.75409927
0.21623100 2166.97417132
0.21968900 2164.46027764
0.22320200 2098.85843755
0.22677100 2025.48466752
0.23039700 2001.90120699
0.23408100 1900.47229310
0.23782500 1876.61194498
0.24162800 1837.90754118
0.24549100 1765.06255609
0.24941700 1780.94963085
0.25340500 1693.33859811
0.25745800 1662.52645016
0.26157500 1603.06281000
0.26575700 1568.22964668
0.27000700 1505.88982662
0.27432500 1456.12495089
0.27871200 1420.95293729
0.28316800 1395.72508929
0.28769700 1346.03992787
0.29229700 1309.12007879
0.29697100 1260.79179259
0.30172000 1242.72550810
0.30654500 1205.53416945
0.31144700 1158.34678730
0.31642700 1135.31234054
0.32148700 1099.35299382
0.32662800 1061.09445214
0.33185100 1033.74489483
0.33715700 987.68590725
0.34254900 970.81848472
0.34802700 941.88754617
0.35359200 919.67151325
0.35924600 885.53243934
0.36499100 852.28644067
0.37082700 826.72208619
0.37675700 801.23314445
0.38278200 780.24699033
0.38890300 751.79764034
0.39512200 738.31531459
0.40144000 706.07081629
0.40786000 685.27528105
0.41438200 667.05694932
0.42100800 641.68426869
0.42774000 620.74960044
0.43458000 598.87779797
0.44153000 583.69669593
0.44859000 563.87353282
0.45576300 543.14780859
0.46305100 524.17481577
0.47045600 509.50851078
0.47797900 492.83385615
0.48562200 473.50874691
0.49338800 457.45483918
0.50127800 444.10192603
0.50929400 430.11558199
0.51743800 412.20781656
0.52571200 399.74129433
0.53411900 386.04781839
0.54266000 373.56822973
0.55133700 361.11236143
0.56015400 346.52929876
0.56911100 336.66159119
0.57821100 324.99331335
0.58745800 311.42213302
0.59685200 302.73824868
0.60639600 291.78424794
0.61609300 281.01327919
0.62594500 271.41500130
0.63595400 263.41748426
0.64612300 253.22903311
0.65645600 244.27257559
0.66695300 237.16755157
0.67761800 228.27289138
0.68845400 219.99705183
0.69946300 213.21802696
0.71064800 205.39233943
0.72201200 198.43457360
0.73355700 191.74460803
0.74528800 184.89535795
0.75720500 178.64770317
0.76931400 172.34778284
0.78161600 166.30789430
0.79411500 161.15191801
0.80681300 155.30705822
0.81971500 150.25711887
0.83282300 145.30170150
0.84614000 140.02552726
0.85967100 135.65739399
0.87341800 130.84339980
0.88738500 126.51786158
0.90157500 122.18279229
0.91599200 118.22280531
0.93063900 114.05493941
0.94552100 110.44859331
0.96064100 106.58567183
0.97600200 103.20062248
0.99161000 99.69717419
1.00746600 96.38646675
1.02357700 92.98743078
1.03994500 89.91056333
1.05657400 86.90473471
1.07347000 84.03495197
1.09063600 81.12034016
1.10807600 78.51558127
1.12579500 75.76902993
1.14379800 73.28987228
1.16208800 70.74743695
1.18067100 68.35641810
1.19955100 66.02467464
1.21873200 63.77605935
1.23822100 61.65997957
1.25802100 59.52276889
1.27813800 57.46610391
1.29857700 55.53054541
1.31934200 53.57856529
1.34044000 51.69896255
1.36187500 49.93299251
1.38365200 48.16538663
1.40577800 46.45890377
1.42825800 44.83284029
1.45109700 43.23647067
1.47430100 41.70299810
1.49787700 40.18532995
1.52182900 38.76242152
1.54616500 37.36433741
1.57088900 35.97302891
1.59600900 34.65403395
1.62153100 33.37328816
1.64746100 32.14248098
1.67380500 30.95016047
1.70057100 29.78616346
1.72776400 28.65464451
1.75539300 27.56000841
1.78346300 26.51049352
1.81198200 25.47861256
1.84095700 24.49226293
1.87039600 23.53929160
1.90030500 22.60836187
1.93069300 21.71126270
1.96156600 20.85049925
1.99293400 20.01388555
2.02480300 19.19334222
2.05718100 18.41271214
2.09007700 17.65738261
2.12350000 16.92799676
2.15745600 16.22283255
2.19195600 15.54346739
2.22700700 14.88611591
2.26261900 14.25065377
2.29880000 13.64377727
2.33556000 13.05570545
2.37290800 12.49261694
2.41085300 11.94537211
2.44940400 11.42007542
2.48857300 10.91513098
2.52836800 10.42896186
2.56879900 9.96528983
2.60987700 9.51831694
2.65161100 9.08838883
2.69401200 8.67357889
2.73709200 8.27694686
2.78086000 7.89863433
2.82532900 7.53353292
2.87050800 7.18285271
2.91641000 6.84945083
2.96304600 6.52671791
3.01042800 6.22120026
3.05856800 5.92830224
3.10747700 5.64731843
3.15716800 5.37869408
3.20765400 5.12158599
3.25894700 4.87761054
3.31106100 4.64314036
3.36400900 4.42066628
3.41780200 4.20771244
3.47245600 4.00397541
