0.03121500 29457.87852814
0.04425200 20737.55082190
0.05438800 17772.73200340
0.06273500 15709.40672948
0.07010400 14151.88659966
0.07710400 12905.13696920
0.08893800 10151.05121986
0.09476500 9108.00574114
0.09938400 8326.28788918
0.10422800 7766.14378249
0.10930900 7307.92181071
0.11283300 6998.19097822
0.11833300 6654.21108936
0.12608500 6310.30457063
0.13015000 6053.28463079
0.13434600 5843.05120187
0.13649400 5574.64215122
0.14089400 5354.80939202
0.14314700 5070.73585272
0.14776200 4891.92506919
0.15496400 4484.12359989
0.15744200 4277.85611592
0.15996000 4120.41382069
0.16251800 3988.21939918
0.17044000 3728.29939417
0.17316500 3676.27923646
0.17874700 3532.51931093
0.18160600 3427.65297626
0.18451000 3335.32113841
0.18746000 3289.57528174
0.19045800 3234.30612669
0.19350400 3126.68140224
0.19974200 2961.29236240
0.20293600 2855.27962899
0.20618100 2748.08223375
0.20947800 2700.19288804
0.21282800 2641.70121814
0.21623100 2482.47526713
0.21968900 2475.07738440
0.22320200 2400.53812496
0.22677100 2315.85079445
0.23039700 2286.98807236
0.23408100 2171.24730675
0.23782500 2141.66349983
0.24162800 2097.10793009
0.24549100 2018.01421563
0.24941700 2036.99260237
0.25340500 1931.75436995
0.25745800 1899.73523339
0.26157500 1831.64372759
0.26575700 1786.74765895
0.27000700 1718.02611369
0.27432500 1661.03622357
0.27871200 1621.21954286
0.28316800 1587.71422272
0.28769700 1529.83101292
0.29229700 1487.45128521
0.29697100 1432.37126312
0.30172000 1410.08548591
0.30654500 1368.08600878
0.31144700 1314.89057200
0.31642700 1288.85685401
0.32148700 1247.47652059
0.32662800 1204.54386270
0.33185100 1173.56172812
0.33715700 1120.14209120
0.34254900 1101.58380531
0.34802700 1067.93353728
0.35359200 1041.72271317
0.35924600 1003.03910823
0.36499100 964.91265546
0.37082700 936.32628612
0.37675700 907.11775187
0.38278200 883.57874878
0.38890300 851.20181504
0.39512200 834.60439922
0.40144000 798.25909925
0.40786000 775.11251304
0.41438200 754.65112179
0.42100800 725.91079024
0.42774000 702.24491967
0.43458000 676.99982598
0.44153000 659.96408820
0.44859000 638.11135758
0.45576300 614.13823966
0.46305100 592.74266293
0.47045600 576.80035830
0.47797900 557.61158244
0.48562200 536.58356395
0.49338800 517.66016583
0.50127800 502.63555142
0.50929400 487.33986374
0.51743800 467.21060802
0.52571200 453.26856574
0.53411900 437.65867090
0.54266000 423.78521179
0.55133700 410.10497047
0.56015400 393.55526202
0.56911100 382.69179015
0.57821100 369.58279399
0.58745800 354.22127926
0.59685200 344.57035953
0.60639600 332.11699155
0.61609300 320.39755285
0.62594500 309.80021569
0.63595400 300.83153318
0.64612300 289.28617242
0.65645600 279.26106394
0.66695300 271.55677257
0.67761800 261.59514799
0.68845400 252.29510372
0.69946300 244.79721404
0.71064800 235.84922314
0.72201200 228.17517318
0.73355700 220.68426853
0.74528800 213.14834132
0.75720500 206.21370511
0.76931400 199.23826127
0.78161600 192.57260182
0.79411500 186.91277498
0.80681300 180.35805187
0.81971500 174.67744440
0.83282300 169.20424075
0.84614000 163.47662122
0.85967100 158.52354732
0.87341800 153.13304664
0.88738500 148.43280082
0.90157500 143.57270960
0.91599200 139.29371152
0.93063900 134.67020883
0.94552100 130.60232796
0.96064100 126.34551364
0.97600200 122.61559766
0.99161000 118.71707045
1.00746600 115.10630618
1.02357700 111.31037173
1.03994500 108.03656946
1.05657400 104.61854170
1.07347000 101.48343830
1.09063600 98.31798585
1.10807600 95.44336979
1.12579500 92.36036889
1.14379800 89.67892284
1.16208800 86.88631610
1.18067100 84.22035788
1.19955100 81.70819363
1.21873200 79.19160229
1.23822100 76.86822030
1.25802100 74.53963990
1.27813800 72.23500081
1.29857700 70.11985162
1.31934200 67.94672923
1.34044000 65.88788931
1.36187500 63.93088402
1.38365200 61.97638416
1.40577800 60.09421314
1.42825800 58.27490386
1.45109700 56.51484557
1.47430100 54.80559938
1.49787700 53.11710833
1.52182900 51.53498625
1.54616500 49.95798247
1.57088900 48.41271857
1.59600900 46.93570811
1.62153100 45.49734588
1.64746100 44.10068137
1.67380500 42.77147252
1.70057100 41.44248802
1.72776400 40.16796569
1.75539300 38.92366185
1.78346300 37.72192680
1.81198200 36.54754158
1.84095700 35.41434006
1.87039600 34.32729291
1.90030500 33.24534576
1.93069300 32.20726251
1.96156600 31.20333459
1.99293400 30.21842418
2.02480300 29.26492627
2.05718100 28.34370352
2.09007700 27.45094723
2.12350000 26.58575157
2.15745600 25.74182561
2.19195600 24.92933166
2.22700700 24.13256239
2.26261900 23.36576166
2.29880000 22.62423660
2.33556000 21.90080869
2.37290800 21.20153101
2.41085300 20.52808234
2.44940400 19.87002202
2.48857300 19.23480699
2.52836800 18.62109234
2.56879900 18.02726454
2.60987700 17.45346099
2.65161100 16.89546251
2.69401200 16.35631562
2.73709200 15.83517261
2.78086000 15.33207678
2.82532900 14.84557241
2.87050800 14.37360382
2.91641000 13.92028389
2.96304600 13.47962634
3.01042800 13.05787421
3.05856800 12.64875380
3.10747700 12.25351983
3.15716800 11.87182359
3.20765400 11.50289962
3.25894700 11.14930052
3.31106100 10.80712837
3.36400900 10.47799848
3.41780200 10.16009388
3.47245600 9.85385061
