0.03121500 25171.53559887
0.04425200 17699.20449606
0.05438800 15158.47899759
0.06273500 13397.07466964
0.07010400 12055.80579994
0.07710400 11002.53323340
0.08893800 8689.19211841
0.09476500 7816.99055658
0.09938400 7168.03570586
0.10422800 6704.66240618
0.10930900 6308.79697781
0.11283300 6042.90910321
0.11833300 5749.35898884
0.12608500 5455.88696670
0.13015000 5233.56807166
0.13434600 5051.07348602
0.13649400 4816.37248888
0.14089400 4650.10104093
0.14314700 4402.51134614
0.14776200 4254.97811436
0.15496400 3918.04992630
0.15744200 3757.68888868
0.15996000 3630.69783669
0.16251800 3529.06523329
0.17044000 3302.81916467
0.17316500 3259.45126660
0.17874700 3124.70107311
0.18160600 3033.55677200
0.18451000 2955.95758140
0.18746000 2914.55196568
0.19045800 2866.53385836
0.19350400 2774.63873111
0.19974200 2627.68910197
0.20293600 2540.66169330
0.20618100 2445.45488006
0.20947800 2413.37594696
0.21282800 2366.55748878
0.21623100 2235.33366807
0.21968900 2234.35046808
0.22320200 2167.92237740
0.22677100 2095.01262003
0.23039700 2071.46848770
0.23408100 1969.04185012
0.23782500 1947.05569153
0.24162800 1908.02461903
0.24549100 1831.96653760
0.24941700 1847.17383215
0.25340500 1762.38475382
0.25745800 1728.47001133
0.26157500 1668.88767604
0.26575700 1636.29420789
0.27000700 1572.03176009
0.27432500 1521.55844108
0.27871200 1485.86634232
0.28316800 1462.89791290
0.28769700 1412.96306747
0.29229700 1375.72377619
0.29697100 1326.71448484
0.30172000 1309.24554151
0.30654500 1271.05642160
0.31144700 1223.04401250
0.31642700 1199.45026470
0.32148700 1163.22247556
0.32662800 1123.72852845
0.33185100 1095.25139428
0.33715700 1049.26514275
0.34254900 1030.98672578
0.34802700 1001.84530639
0.35359200 979.98604125
0.35924600 944.65288134
0.36499100 910.77951797
0.37082700 883.90560949
0.37675700 858.00830994
0.38278200 836.28553108
0.38890300 807.03755959
0.39512200 793.49847800
0.40144000 760.51192249
0.40786000 738.54080626
0.41438200 719.46218344
0.42100800 693.27588661
0.42774000 671.54266941
0.43458000 649.06105691
0.44153000 633.11418039
0.44859000 611.96151667
0.45576300 590.79848423
0.46305100 571.11677653
0.47045600 555.24340048
0.47797900 537.79532362
0.48562200 517.24796924
0.49338800 500.63560058
0.50127800 486.39555998
0.50929400 471.52474823
0.51743800 452.70593470
0.52571200 439.20895974
0.53411900 425.05336188
0.54266000 411.57119487
0.55133700 398.02093489
0.56015400 382.86815260
0.56911100 371.95064249
0.57821100 359.44634372
0.58745800 345.15302817
0.59685200 335.64319606
0.60639600 324.04534936
0.61609300 312.32877502
0.62594500 301.89437240
0.63595400 293.08255259
0.64612300 282.21519166
0.65645600 272.46587495
0.66695300 264.66484917
0.67761800 254.88134310
0.68845400 245.95558943
0.69946300 238.55961035
0.71064800 230.02894985
0.72201200 222.39301397
0.73355700 214.99723609
0.74528800 207.47598160
0.75720500 200.58634797
0.76931400 193.68403235
0.78161600 186.97178068
0.79411500 181.18061445
0.80681300 174.67102334
0.81971500 169.14479793
0.83282300 163.50547155
0.84614000 157.71502986
0.85967100 152.85497646
0.87341800 147.48849174
0.88738500 142.60908048
0.90157500 137.75244435
0.91599200 133.28243625
0.93063900 128.59141513
0.94552100 124.53615292
0.96064100 120.20423950
0.97600200 116.37868001
0.99161000 112.46771381
1.00746600 108.66865737
1.02357700 104.86181341
1.03994500 101.32607806
1.05657400 97.95197302
1.07347000 94.63868428
1.09063600 91.33513456
1.10807600 88.34711635
1.12579500 85.24104611
1.14379800 82.39111407
1.16208800 79.46244479
1.18067100 76.74610028
1.19955100 74.05540615
1.21873200 71.45293472
1.23822100 69.02119391
1.25802100 66.56084942
1.27813800 64.20522633
1.29857700 61.98638263
1.31934200 59.74926985
1.34044000 57.58659334
1.36187500 55.52707456
1.38365200 53.49307554
1.40577800 51.52651692
1.42825800 49.65764532
1.45109700 47.83060992
1.47430100 46.04190461
1.49787700 44.30417246
1.52182900 42.67384855
1.54616500 41.05064619
1.57088900 39.47192158
1.59600900 37.94483217
1.62153100 36.47899001
1.64746100 35.07437065
1.67380500 33.69583629
1.70057100 32.37269394
1.72776400 31.08682901
1.75539300 29.83207501
1.78346300 28.63609573
1.81198200 27.46590430
1.84095700 26.33557227
1.87039600 25.26577151
1.90030500 24.20152199
1.93069300 23.17986772
1.96156600 22.21421276
1.99293400 21.26380214
2.02480300 20.35636524
2.05718100 19.47438004
2.09007700 18.63048607
2.12350000 17.81346797
2.15745600 17.02532129
2.19195600 16.26907343
2.22700700 15.53675513
2.26261900 14.83718718
2.29880000 14.16175595
2.33556000 13.51249793
2.37290800 12.88810890
2.41085300 12.29233396
2.44940400 11.71578659
2.48857300 11.16411851
2.52836800 10.63350365
2.56879900 10.12768649
2.60987700 9.64109832
2.65161100 9.17531080
2.69401200 8.72834696
2.73709200 8.30137685
2.78086000 7.89241015
2.82532900 7.50228905
2.87050800 7.12681382
2.91641000 6.76960866
2.96304600 6.42717916
3.01042800 6.10228185
3.05856800 5.79117395
3.10747700 5.49365787
3.15716800 5.21077389
3.20765400 4.94007174
3.25894700 4.68295398
3.31106100 4.43807883
3.36400900 4.20501992
3.41780200 3.98250533
3.47245600 3.77095579
