0.03121500 29839.29453840
0.04425200 20986.25518152
0.05438800 17976.42305706
0.06273500 15885.80284775
0.07010400 14299.63989593
0.07710400 13047.79654963
0.08893800 10292.52753443
0.09476500 9252.51566779
0.09938400 8477.04232981
0.10422800 7923.61032926
0.10930900 7455.58519533
0.11283300 7140.70076364
0.11833300 6792.82257605
0.12608500 6445.10381287
0.13015000 6182.81968185
0.13434600 5967.41195549
0.13649400 5690.44483974
0.14089400 5487.26544713
0.14314700 5194.95668467
0.14776200 5018.93368546
0.15496400 4615.86931402
0.15744200 4420.81272611
0.15996000 4268.13611226
0.16251800 4144.17688709
0.17044000 3877.46285304
0.17316500 3825.73374342
0.17874700 3669.65365295
0.18160600 3562.16190196
0.18451000 3469.92812376
0.18746000 3421.69252156
0.19045800 3365.07735355
0.19350400 3255.63046028
0.19974200 3083.58116663
0.20293600 2979.17086797
0.20618100 2867.53253709
0.20947800 2826.84969644
0.21282800 2770.77579693
0.21623100 2612.98649001
0.21968900 2611.21657079
0.22320200 2533.24053404
0.22677100 2446.66967049
0.23039700 2419.05661540
0.23408100 2298.51749263
0.23782500 2271.28892509
0.24162800 2225.48475771
0.24549100 2137.56875987
0.24941700 2156.28597672
0.25340500 2054.01416366
0.25745800 2016.09206569
0.26157500 1945.62946251
0.26575700 1905.74511304
0.27000700 1830.91480094
0.27432500 1771.67895325
0.27871200 1729.82341921
0.28316800 1701.29638043
0.28769700 1642.41687276
0.29229700 1598.57237355
0.29697100 1540.98857104
0.30172000 1520.02805358
0.30654500 1475.52500650
0.31144700 1419.13363018
0.31642700 1391.64658356
0.32148700 1348.91264178
0.32662800 1302.95922194
0.33185100 1270.05938571
0.33715700 1215.44600161
0.34254900 1194.85169271
0.34802700 1160.48116957
0.35359200 1134.34419243
0.35924600 1093.28572280
0.36499100 1053.52339606
0.37082700 1022.57683275
0.37675700 992.14439981
0.38278200 966.86801408
0.38890300 932.69270780
0.39512200 916.78588462
0.40144000 878.04170820
0.40786000 852.77027024
0.41438200 830.72233004
0.42100800 800.11525325
0.42774000 774.84053625
0.43458000 748.54771069
0.44153000 730.14013592
0.44859000 705.87616480
0.45576300 680.99618736
0.46305100 658.00061002
0.47045600 639.93701099
0.47797900 619.73548855
0.48562200 596.01941912
0.49338800 576.65250164
0.50127800 560.30957858
0.50929400 543.15256952
0.51743800 521.28643640
0.52571200 505.91694958
0.53411900 489.29932739
0.54266000 473.89637241
0.55133700 458.43916411
0.56015400 440.68360857
0.56911100 428.36770257
0.57821100 413.97702651
0.58745800 397.33043200
0.59685200 386.52812327
0.60639600 373.05537490
0.61609300 359.62340602
0.62594500 347.66915573
0.63595400 337.67813154
0.64612300 325.07096282
0.65645600 313.91124655
0.66695300 304.98882349
0.67761800 293.84794376
0.68845400 283.52764806
0.69946300 275.04213173
0.71064800 265.26561076
0.72201200 256.50033606
0.73355700 248.07778542
0.74528800 239.44271451
0.75720500 231.55970526
0.76931400 223.61138966
0.78161600 215.95621648
0.79411500 209.38025160
0.80681300 201.96213852
0.81971500 195.59336383
0.83282300 189.23827479
0.84614000 182.53353208
0.85967100 176.98793950
0.87341800 170.85172741
0.88738500 165.29535379
0.90157500 159.74885949
0.91599200 154.65364957
0.93063900 149.30288546
0.94552100 144.67709240
0.96064100 139.71446703
0.97600200 135.35849982
0.99161000 130.85630269
1.00746600 126.55547148
1.02357700 122.18294062
1.03994500 118.17150458
1.05657400 114.29849091
1.07347000 110.54984001
1.09063600 106.76740365
1.10807600 103.37602101
1.12579500 99.81997604
1.14379800 96.57561645
1.16208800 93.25013027
1.18067100 90.13968799
1.19955100 87.08360978
1.21873200 84.13108071
1.23822100 81.36178816
1.25802100 78.56366751
1.27813800 75.87220823
1.29857700 73.33529596
1.31934200 70.77672416
1.34044000 68.30913967
1.36187500 65.97055405
1.38365200 63.64759106
1.40577800 61.40258995
1.42825800 59.27165837
1.45109700 57.17338625
1.47430100 55.14230697
1.49787700 53.15032535
1.52182900 51.27161684
1.54616500 49.42920650
1.57088900 47.60102496
1.59600900 45.85792319
1.62153100 44.17204315
1.64746100 42.55411066
1.67380500 40.97551823
1.70057100 39.44456167
1.72776400 37.95512486
1.75539300 36.50987998
1.78346300 35.12894076
1.81198200 33.76998427
1.84095700 32.46530513
1.87039600 31.21496040
1.90030500 29.98818244
1.93069300 28.80336418
1.96156600 27.67331308
1.99293400 26.57021328
2.02480300 25.49853360
2.05718100 24.47037726
2.09007700 23.47660929
2.12350000 22.51930997
2.15745600 21.59135407
2.19195600 20.70053262
2.22700700 19.83825196
2.26261900 19.00555350
2.29880000 18.20852559
2.33556000 17.43705433
2.37290800 16.69930575
2.41085300 15.98425075
2.44940400 15.29692586
2.48857300 14.63577246
2.52836800 13.99866964
2.56879900 13.39205486
2.60987700 12.80706594
2.65161100 12.24566378
2.69401200 11.70449164
2.73709200 11.18534925
2.78086000 10.69048847
2.82532900 10.21445802
2.87050800 9.75690153
2.91641000 9.32050485
2.96304600 8.90014362
3.01042800 8.50084588
3.05856800 8.11680392
3.10747700 7.75022156
3.15716800 7.39935043
3.20765400 7.06360659
3.25894700 6.74456170
3.31106100 6.43779703
3.36400900 6.14699655
3.41780200 5.86846099
3.47245600 5.60177129
