0.03121500 25121.18397210
0.04425200 17665.40309206
0.05438800 15130.06995656
0.06273500 13365.46784402
0.07010400 12032.96329577
0.07710400 10969.76201235
0.08893800 8623.29477196
0.09476500 7735.38092163
0.09938400 7070.67210102
0.10422800 6595.10165323
0.10930900 6202.80615935
0.11283300 5937.89576031
0.11833300 5644.11641302
0.12608500 5350.35088960
0.13015000 5130.53113857
0.13434600 4950.41893518
0.13649400 4720.16060491
0.14089400 4536.41225787
0.14314700 4293.00981419
0.14776200 4141.42153743
0.15496400 3795.22751336
0.15744200 3621.90477807
0.15996000 3488.99507912
0.16251800 3378.09646549
0.17044000 3155.62760577
0.17316500 3111.37918889
0.17874700 2986.62642364
0.18160600 2896.93663856
0.18451000 2818.53604263
0.18746000 2779.10545712
0.19045800 2731.82942119
0.19350400 2639.78052933
0.19974200 2498.08317250
0.20293600 2408.22190525
0.20618100 2316.32547468
0.20947800 2277.00244111
0.21282800 2227.96086786
0.21623100 2092.78538716
0.21968900 2087.91553640
0.22320200 2023.91919625
0.22677100 1951.50801634
0.23039700 1927.49329775
0.23408100 1828.28257689
0.23782500 1803.57134681
0.24162800 1765.50582496
0.24549100 1696.61344364
0.24941700 1712.67271777
0.25340500 1623.99761462
0.25745800 1595.85730060
0.26157500 1537.57234537
0.26575700 1500.72527202
0.27000700 1441.16575475
0.27432500 1392.53854657
0.27871200 1358.38991154
0.28316800 1331.16919859
0.28769700 1282.06362118
0.29229700 1245.92409228
0.29697100 1198.85105961
0.30172000 1180.36831273
0.30654500 1144.39796892
0.31144700 1098.77226386
0.31642700 1076.51261790
0.32148700 1041.30532203
0.32662800 1004.49982692
0.33185100 978.14836022
0.33715700 932.78098724
0.34254900 916.95060048
0.34802700 888.50004287
0.35359200 866.45247035
0.35924600 833.48352505
0.36499100 801.12318207
0.37082700 776.74621509
0.37675700 751.95537396
0.38278200 731.90680765
0.38890300 704.40221255
0.39512200 690.78167429
0.40144000 659.76220683
0.40786000 640.06713181
0.41438200 622.70700426
0.42100800 598.33248774
0.42774000 578.25322073
0.43458000 557.01451167
0.44153000 542.59340079
0.44859000 523.99390427
0.45576300 503.83101488
0.46305100 485.73846517
0.47045600 472.16493070
0.47797900 456.08603801
0.48562200 438.09802575
0.49338800 422.40688850
0.50127800 409.78314255
0.50929400 396.76909474
0.51743800 379.78369983
0.52571200 368.09117063
0.53411900 355.01272250
0.54266000 343.34669924
0.55133700 331.81803283
0.56015400 317.91991727
0.56911100 308.82570588
0.57821100 297.86819900
0.58745800 285.00239433
0.59685200 276.95205493
0.60639600 266.59677342
0.61609300 256.71268736
0.62594500 247.84617651
0.63595400 240.41762681
0.64612300 230.82605127
0.65645600 222.49468493
0.66695300 216.05157039
0.67761800 207.78116447
0.68845400 200.08055199
0.69946300 193.84998826
0.71064800 186.49393372
0.72201200 180.12868637
0.73355700 173.94957092
0.74528800 167.68897898
0.75720500 161.96388955
0.76931400 156.19101487
0.78161600 150.68107215
0.79411500 146.02110669
0.80681300 140.64874932
0.81971500 135.98613201
0.83282300 131.50433797
0.84614000 126.75379407
0.85967100 122.72540168
0.87341800 118.31995792
0.88738500 114.45109638
0.90157500 110.49285825
0.91599200 106.97359662
0.93063900 103.19249470
0.94552100 99.90797790
0.96064100 96.42289678
0.97600200 93.38265042
0.99161000 90.21268378
1.00746600 87.27172381
1.02357700 84.18568662
1.03994500 81.50338934
1.05657400 78.75593366
1.07347000 76.21345807
1.09063600 73.63346658
1.10807600 71.31084073
1.12579500 68.82477547
1.14379800 66.65354553
1.16208800 64.39902932
1.18067100 62.25126262
1.19955100 60.21813722
1.21873200 58.20150294
1.23822100 56.33256550
1.25802100 54.45317752
1.27813800 52.61450294
1.29857700 50.91097643
1.31934200 49.17507301
1.34044000 47.52883798
1.36187500 45.96295035
1.38365200 44.40381469
1.40577800 42.89849570
1.42825800 41.45246943
1.45109700 40.05173173
1.47430100 38.69654933
1.49787700 37.35515899
1.52182900 36.10538078
1.54616500 34.85831841
1.57088900 33.63373754
1.59600900 32.46554263
1.62153100 31.33131209
1.64746100 30.23745964
1.67380500 29.19107208
1.70057100 28.15155320
1.72776400 27.15020254
1.75539300 26.17978864
1.78346300 25.23985924
1.81198200 24.32624620
1.84095700 23.44636222
1.87039600 22.60330296
1.90030500 21.76547190
1.93069300 20.96491042
1.96156600 20.19234970
1.99293400 19.43652138
2.02480300 18.70262547
2.05718100 17.99767107
2.09007700 17.31642247
2.12350000 16.66012655
2.15745600 16.01981740
2.19195600 15.40469747
2.22700700 14.80444164
2.26261900 14.22716600
2.29880000 13.67206196
2.33556000 13.13245762
2.37290800 12.61272133
2.41085300 12.11209726
2.44940400 11.62710671
2.48857300 11.16036320
2.52836800 10.70960198
2.56879900 10.27623674
2.60987700 9.85971933
2.65161100 9.45611228
2.69401200 9.06790541
2.73709200 8.69458138
2.78086000 8.33609953
2.82532900 7.98998107
2.87050800 7.65787350
2.91641000 7.33875757
2.96304600 7.03079182
3.01042800 6.73734702
3.05856800 6.45533318
3.10747700 6.18380493
3.15716800 5.92317472
3.20765400 5.67332021
3.25894700 5.43479379
3.31106100 5.20532017
3.36400900 4.98657195
3.41780200 4.77618062
3.47245600 4.57561329
