0.03121500 25248.09338106
0.04425200 17753.08095526
0.05438800 15204.37581493
0.06273500 13430.89698290
0.07010400 12090.51906500
0.07710400 11024.43215177
0.08893800 8673.37824902
0.09476500 7784.39842622
0.09938400 7119.62197435
0.10422800 6644.55502549
0.10930900 6249.60232016
0.11283300 5983.17034812
0.11833300 5688.08301640
0.12608500 5392.99670160
0.13015000 5171.78419105
0.13434600 4990.30107385
0.13649400 4757.91856896
0.14089400 4577.09342312
0.14314700 4331.61900755
0.14776200 4180.31593366
0.15496400 3834.33089063
0.15744200 3662.83826410
0.15996000 3530.61557457
0.16251800 3421.08071824
0.17044000 3196.83811406
0.17316500 3152.51870609
0.17874700 3025.08932614
0.18160600 2934.71856605
0.18451000 2856.19621949
0.18746000 2816.18153588
0.19045800 2768.52952323
0.19350400 2675.85251350
0.19974200 2532.60783732
0.20293600 2442.83944970
0.20618100 2349.91661144
0.20947800 2311.86178604
0.21282800 2263.22489852
0.21623100 2127.93999957
0.21968900 2124.24869594
0.22320200 2059.42343636
0.22677100 1986.42242077
0.23039700 1962.65064370
0.23408100 1862.27595857
0.23782500 1837.88837249
0.24162800 1799.47431776
0.24549100 1728.66795063
0.24941700 1744.67502261
0.25340500 1656.34941470
0.25745800 1627.01363957
0.26157500 1568.07156344
0.26575700 1532.16036772
0.27000700 1471.20260249
0.27432500 1422.01335896
0.27871200 1387.33360943
0.28316800 1361.02687672
0.28769700 1311.61621515
0.29229700 1275.06630468
0.29697100 1227.35830261
0.30172000 1209.05955814
0.30654500 1172.48613694
0.31144700 1126.06931499
0.31642700 1103.41880000
0.32148700 1067.81664363
0.32662800 1030.30707066
0.33185100 1003.50834424
0.33715700 957.73955163
0.34254900 941.46832158
0.34802700 912.76893665
0.35359200 890.59940160
0.35924600 857.07723783
0.36499100 824.28289178
0.37082700 799.36358651
0.37675700 774.21026488
0.38278200 753.71544157
0.38890300 725.75271823
0.39512200 712.21363249
0.40144000 680.57372820
0.40786000 660.37831365
0.41438200 642.61628159
0.42100800 617.77053141
0.42774000 597.27699295
0.43458000 575.74066584
0.44153000 560.96213524
0.44859000 541.80726394
0.45576300 521.36314088
0.46305100 502.85649382
0.47045600 488.78628546
0.47797900 472.43713018
0.48562200 453.82140126
0.49338800 437.97796299
0.50127800 425.02425344
0.50929400 411.54793546
0.51743800 394.13450631
0.52571200 382.09987570
0.53411900 368.72505142
0.54266000 356.69461292
0.55133700 344.75493937
0.56015400 330.52211650
0.56911100 321.09415126
0.57821100 309.81860285
0.58745800 296.62454722
0.59685200 288.29134651
0.60639600 277.66510286
0.61609300 267.37438603
0.62594500 258.17978730
0.63595400 250.50313013
0.64612300 240.64341335
0.65645600 232.03355351
0.66695300 225.28657870
0.67761800 216.74505897
0.68845400 208.79141676
0.69946300 202.30473889
0.71064800 194.74843307
0.72201200 188.12141340
0.73355700 181.71681689
0.74528800 175.19108928
0.75720500 169.23283288
0.76931400 163.22400186
0.78161600 157.47763856
0.79411500 152.60024088
0.80681300 147.02646567
0.81971500 142.18662291
0.83282300 137.50348899
0.84614000 132.51203890
0.85967100 128.33333022
0.87341800 123.75062858
0.88738500 119.67931134
0.90157500 115.55910491
0.91599200 111.84123495
0.93063900 107.89236088
0.94552100 104.46929451
0.96064100 100.81619781
0.97600200 97.61893679
0.99161000 94.30354946
1.00746600 91.20235254
1.02357700 87.97746819
1.03994500 85.11948290
1.05657400 82.26198636
1.07347000 79.57891145
1.09063600 76.84822324
1.10807600 74.40198863
1.12579500 71.80316526
1.14379800 69.49546197
1.16208800 67.11760498
1.18067100 64.86305710
1.19955100 62.69775810
1.21873200 60.58338404
1.23822100 58.60442529
1.25802100 56.61004861
1.27813800 54.67894414
1.29857700 52.87063216
1.31934200 51.04078183
1.34044000 49.29260121
1.36187500 47.64138220
1.38365200 45.99140990
1.40577800 44.39572746
1.42825800 42.86860620
1.45109700 41.38200690
1.47430100 39.95057877
1.49787700 38.53151453
1.52182900 37.20654980
1.54616500 35.89328305
1.57088900 34.59543595
1.59600900 33.36012125
1.62153100 32.16058208
1.64746100 31.00677339
1.67380500 29.89606955
1.70057100 28.80218405
1.72776400 27.74304828
1.75539300 26.71885634
1.78346300 25.72867984
1.81198200 24.76366375
1.84095700 23.83695599
1.87039600 22.94478198
1.90030500 22.06589116
1.93069300 21.22277676
1.96156600 20.41197502
1.99293400 19.62008910
2.02480300 18.84675491
2.05718100 18.10801618
2.09007700 17.39405540
2.12350000 16.70563653
2.15745600 16.03709084
2.19195600 15.39261679
2.22700700 14.76647465
2.26261900 14.16352236
2.29880000 13.58591483
2.33556000 13.02472815
2.37290800 12.48513406
2.41085300 11.96393665
2.44940400 11.46078884
2.48857300 10.97790449
2.52836800 10.51173654
2.56879900 10.06464551
2.60987700 9.63377057
2.65161100 9.21889517
2.69401200 8.81878307
2.73709200 8.43610801
2.78086000 8.06872331
2.82532900 7.71425839
2.87050800 7.37455620
2.91641000 7.04958763
2.96304600 6.73502038
3.01042800 6.43664722
3.05856800 6.15022693
3.10747700 5.87502208
3.15716800 5.61103039
3.20765400 5.35858069
3.25894700 5.11802994
3.31106100 4.88664245
3.36400900 4.66697226
3.41780200 4.45592812
3.47245600 4.25476256
