0.03121500 25306.49064202
0.04425200 17793.44092088
0.05438800 15238.75178612
0.06273500 13464.23171551
0.07010400 12117.86891210
0.07710400 11055.22799579
0.08893800 8717.06739935
0.09476500 7834.50085474
0.09938400 7176.46418560
0.10422800 6706.75162390
0.10930900 6309.47978685
0.11283300 6042.21109222
0.11833300 5746.83213996
0.12608500 5451.43876183
0.13015000 5228.79119761
0.13434600 5045.88448329
0.13649400 4810.98081783
0.14089400 4638.45883132
0.14314700 4390.58379327
0.14776200 4241.09843711
0.15496400 3899.09519378
0.15744200 3733.68156462
0.15996000 3604.18091411
0.16251800 3499.01482284
0.17044000 3272.62318369
0.17316500 3228.64995666
0.17874700 3096.14583476
0.18160600 3004.96183027
0.18451000 2926.70319659
0.18746000 2885.69860840
0.19045800 2837.60102677
0.19350400 2744.78532975
0.19974200 2598.82702822
0.20293600 2510.29877344
0.20618100 2415.66405678
0.20947800 2381.07624187
0.21282800 2333.46809081
0.21623100 2199.81802568
0.21968900 2198.15905012
0.22320200 2132.04184819
0.22677100 2058.66433814
0.23039700 2035.15147595
0.23408100 1933.06922797
0.23782500 1909.88983142
0.24162800 1871.00845840
0.24549100 1796.53800654
0.24941700 1812.19597997
0.25340500 1725.61019808
0.25745800 1693.40919284
0.26157500 1633.72255023
0.26575700 1599.87484653
0.27000700 1536.51885631
0.27432500 1486.34411260
0.27871200 1450.85294421
0.28316800 1426.61867558
0.28769700 1376.76957369
0.29229700 1339.61912449
0.29697100 1290.88416155
0.30172000 1273.05501901
0.30654500 1235.37126198
0.31144700 1187.67153157
0.31642700 1164.35373660
0.32148700 1128.18813178
0.32662800 1089.31886138
0.33185100 1061.45930546
0.33715700 1015.31539166
0.34254900 997.83783612
0.34802700 968.76354768
0.35359200 946.62905441
0.35924600 911.94203307
0.36499100 878.35770970
0.37082700 852.20136949
0.37675700 826.48620502
0.38278200 805.11506173
0.38890300 776.27101450
0.39512200 762.78969306
0.40144000 730.12650705
0.40786000 708.79271472
0.41438200 690.17376427
0.42100800 664.37792639
0.42774000 643.06820741
0.43458000 620.91394265
0.44153000 605.38225915
0.44859000 584.94773443
0.45576300 564.00695453
0.46305100 544.65544079
0.47045600 529.44409724
0.47797900 512.45039957
0.48562200 492.52446171
0.49338800 476.24814105
0.50127800 462.50965586
0.50929400 448.09805955
0.51743800 429.75949397
0.52571200 416.85908218
0.53411900 402.92396049
0.54266000 390.01121260
0.55133700 377.06112237
0.56015400 362.20223157
0.56911100 351.88832411
0.57821100 339.85173931
0.58745800 325.94372715
0.59685200 316.91206431
0.60639600 305.66329918
0.61609300 294.45613597
0.62594500 284.48582216
0.63595400 276.15466104
0.64612300 265.65478388
0.65645600 256.36480290
0.66695300 248.93931001
0.67761800 239.67716856
0.68845400 231.10244325
0.69946300 224.05568030
0.71064800 215.94313353
0.72201200 208.67438572
0.73355700 201.69451905
0.74528800 194.54324348
0.75720500 188.01942893
0.76931400 181.44576077
0.78161600 175.11884533
0.79411500 169.68864048
0.80681300 163.56527014
0.81971500 158.31306487
0.83282300 153.07519222
0.84614000 147.55135575
0.85967100 142.98799403
0.87341800 137.93929820
0.88738500 133.37185476
0.90157500 128.81478896
0.91599200 124.63222168
0.93063900 120.24071291
0.94552100 116.44898790
0.96064100 112.38107178
0.97600200 108.81482787
0.99161000 105.12936736
1.00746600 101.61110774
1.02357700 98.03493687
1.03994500 94.75728962
1.05657400 91.59456919
1.07347000 88.53508648
1.09063600 85.44855322
1.10807600 82.68458809
1.12579500 79.78569738
1.14379800 77.14382183
1.16208800 74.43566760
1.18067100 71.90482928
1.19955100 69.41905769
1.21873200 67.01874546
1.23822100 64.76934559
1.25802100 62.49645056
1.27813800 60.31140855
1.29857700 58.25351729
1.31934200 56.17792189
1.34044000 54.17716474
1.36187500 52.28242894
1.38365200 50.40053622
1.40577800 48.58267228
1.42825800 46.85845744
1.45109700 45.16100233
1.47430100 43.51864475
1.49787700 41.90829618
1.52182900 40.39083015
1.54616500 38.90303321
1.57088900 37.42677640
1.59600900 36.02020121
1.62153100 34.66042480
1.64746100 33.35623353
1.67380500 32.08413875
1.70057100 30.85093864
1.72776400 29.65160397
1.75539300 28.48832025
1.78346300 27.37757652
1.81198200 26.28464853
1.84095700 25.23601981
1.87039600 24.23172970
1.90030500 23.24653813
1.93069300 22.29552637
1.96156600 21.38919056
1.99293400 20.50471897
2.02480300 19.64577246
2.05718100 18.82227181
2.09007700 18.02672523
2.12350000 17.26083660
2.15745600 16.51876184
2.19195600 15.80688787
2.22700700 15.11816838
2.26261900 14.45345725
2.29880000 13.81774380
2.33556000 13.20273877
2.37290800 12.61513491
2.41085300 12.04589347
2.44940400 11.49914259
2.48857300 10.97360670
2.52836800 10.46754801
2.56879900 9.98624260
2.60987700 9.52243012
2.65161100 9.07771830
2.69401200 8.64935854
2.73709200 8.23882762
2.78086000 7.84797151
2.82532900 7.47232643
2.87050800 7.11160175
2.91641000 6.76800031
2.96304600 6.43732598
3.01042800 6.12369995
3.05856800 5.82236674
3.10747700 5.53513360
3.15716800 5.26057076
3.20765400 4.99820234
3.25894700 4.74931781
3.31106100 4.51030037
3.36400900 4.28416982
3.41780200 4.06789802
3.47245600 3.86114472
