0.03121500 23719.32058737
0.04425200 16719.10421768
0.05438800 14340.36450524
0.06273500 12691.33352083
0.07010400 11441.49186596
0.07710400 10429.61418499
0.08893800 8191.83405606
0.09476500 7341.87651553
0.09938400 6702.73608647
0.10422800 6240.33499749
0.10930900 5874.03245494
0.11283300 5626.36297617
0.11833300 5348.51543638
0.12608500 5070.04046383
0.13015000 4863.68561480
0.13434600 4695.85287825
0.13649400 4484.25808554
0.14089400 4292.22447150
0.14314700 4066.78478302
0.14776200 3918.04866520
0.15496400 3582.90918711
0.15744200 3408.08160173
0.15996000 3275.37761272
0.16251800 3162.80877344
0.17044000 2954.97172436
0.17316500 2912.35246765
0.17874700 2803.05777519
0.18160600 2719.62047042
0.18451000 2643.29556179
0.18746000 2607.79685809
0.19045800 2563.54779706
0.19350400 2478.55978365
0.19974200 2346.01233805
0.20293600 2259.70637710
0.20618100 2174.43604345
0.20947800 2131.21733457
0.21282800 2080.30083127
0.21623100 1951.20541716
0.21968900 1939.22850677
0.22320200 1880.75166793
0.22677100 1814.33906700
0.23039700 1787.65580457
0.23408100 1696.87880996
0.23782500 1671.79627710
0.24162800 1636.53885461
0.24549100 1578.33157389
0.24941700 1593.64395914
0.25340500 1506.45228984
0.25745800 1482.68297107
0.26157500 1429.57121620
0.26575700 1388.45674605
0.27000700 1337.52504195
0.27432500 1291.69153666
0.27871200 1260.94352657
0.28316800 1229.25645987
0.28769700 1182.37426384
0.29229700 1148.83992881
0.29697100 1105.61646250
0.30172000 1086.27982568
0.30654500 1053.74405315
0.31144700 1012.90532515
0.31642700 993.01274831
0.32148700 960.39863667
0.32662800 927.53580069
0.33185100 902.38482810
0.33715700 860.39892428
0.34254900 845.26687970
0.34802700 818.34011542
0.35359200 796.95841699
0.35924600 767.00161240
0.36499100 736.81856839
0.37082700 714.41184206
0.37675700 691.68374828
0.38278200 673.61131568
0.38890300 648.56599567
0.39512200 634.19004648
0.40144000 606.61261233
0.40786000 588.54761064
0.41438200 572.59623469
0.42100800 550.14525173
0.42774000 532.22799867
0.43458000 512.21540217
0.44153000 499.39466906
0.44859000 482.49429622
0.45576300 463.85932268
0.46305100 447.41102737
0.47045600 435.37412330
0.47797900 420.33280157
0.48562200 404.90408021
0.49338800 389.41912056
0.50127800 377.97765785
0.50929400 366.90063280
0.51743800 351.45557869
0.52571200 340.64074113
0.53411900 328.78118603
0.54266000 318.32251400
0.55133700 307.91543226
0.56015400 295.48061659
0.56911100 287.14892656
0.57821100 277.21545872
0.58745800 265.54628621
0.59685200 258.39624165
0.60639600 248.83529002
0.61609300 240.12792887
0.62594500 232.15507997
0.63595400 225.47188338
0.64612300 216.62176011
0.65645600 209.04272274
0.66695300 203.52945199
0.67761800 195.96919735
0.68845400 188.97115425
0.69946300 183.51819057
0.71064800 176.64376491
0.72201200 170.97473115
0.73355700 165.43712375
0.74528800 159.85992157
0.75720500 154.71032508
0.76931400 149.61193825
0.78161600 144.67995146
0.79411500 140.55440413
0.80681300 135.57643578
0.81971500 131.50263933
0.83282300 127.43487182
0.84614000 123.20629903
0.85967100 119.61244787
0.87341800 115.60015955
0.88738500 112.23178015
0.90157500 108.60914390
0.91599200 105.55613726
0.93063900 102.19289409
0.94552100 99.14996465
0.96064100 96.05036906
0.97600200 93.39008487
0.99161000 90.56467407
1.00746600 87.94649147
1.02357700 85.19750348
1.03994500 82.81755259
1.05657400 80.33800896
1.07347000 78.06966414
1.09063600 75.77487529
1.10807600 73.74918929
1.12579500 71.50632598
1.14379800 69.60697386
1.16208800 67.55853824
1.18067100 65.66303547
1.19955100 63.84946129
1.21873200 62.03729857
1.23822100 60.38489778
1.25802100 58.72496078
1.27813800 57.04622026
1.29857700 55.58038138
1.31934200 54.01070792
1.34044000 52.52662557
1.36187500 51.15772752
1.38365200 49.76578140
1.40577800 48.39872831
1.42825800 47.10321158
1.45109700 45.86505434
1.47430100 44.64765601
1.49787700 43.43590154
1.52182900 42.30682823
1.54616500 41.20066380
1.57088900 40.10141528
1.59600900 39.04295631
1.62153100 38.01757448
1.64746100 37.02803453
1.67380500 36.08441911
1.70057100 35.12823495
1.72776400 34.22772706
1.75539300 33.32851527
1.78346300 32.47099022
1.81198200 31.62305353
1.84095700 30.81207196
1.87039600 30.02425297
1.90030500 29.24728838
1.93069300 28.49329859
1.96156600 27.77021519
1.99293400 27.05010871
2.02480300 26.36281451
2.05718100 25.68606560
2.09007700 25.03348803
2.12350000 24.39536850
2.15745600 23.77164457
2.19195600 23.16774664
2.22700700 22.57781148
2.26261900 22.00557236
2.29880000 21.44626475
2.33556000 20.90428204
2.37290800 20.37499486
2.41085300 19.86081217
2.44940400 19.36029314
2.48857300 18.87172753
2.52836800 18.39887530
2.56879900 17.93733544
2.60987700 17.48833183
2.65161100 17.05088019
2.69401200 16.62809128
2.73709200 16.21272385
2.78086000 15.81018041
2.82532900 15.41996889
2.87050800 15.03808063
2.91641000 14.66830710
2.96304600 14.30682868
3.01042800 13.95725306
3.05856800 13.61567285
3.10747700 13.28541252
3.15716800 12.96293959
3.20765400 12.64861683
3.25894700 12.34554313
3.31106100 12.04922214
3.36400900 11.76187942
3.41780200 11.48274766
3.47245600 11.21141386
