0.03121500 29781.98982007
0.04425200 20951.20062140
0.05438800 17948.72116921
0.06273500 15859.52087465
0.07010400 14280.54514461
0.07710400 13024.73054911
0.08893800 10254.47686571
0.09476500 9206.96571900
0.09938400 8423.58590307
0.10422800 7863.84900414
0.10930900 7398.55171110
0.11283300 7084.64658852
0.11833300 6737.08149165
0.12608500 6389.65980912
0.13015000 6129.04140519
0.13434600 5915.27720217
0.13649400 5641.28485638
0.14089400 5428.26612129
0.14314700 5138.78879367
0.14776200 4960.56846212
0.15496400 4552.73383157
0.15744200 4350.48319038
0.15996000 4194.56801467
0.16251800 4065.42155772
0.17044000 3801.13301564
0.17316500 3748.95121680
0.17874700 3598.77740598
0.18160600 3492.20455234
0.18451000 3399.61474697
0.18746000 3352.49724176
0.19045800 3296.35682452
0.19350400 3187.02668196
0.19974200 3018.07927149
0.20293600 2912.15153606
0.20618100 2802.48292206
0.20947800 2757.64034561
0.21282800 2700.28770028
0.21623100 2540.51261452
0.21968900 2536.26753184
0.22320200 2459.75253603
0.22677100 2373.55978050
0.23039700 2345.56522798
0.23408100 2226.97845629
0.23782500 2198.24196556
0.24162800 2152.91161699
0.24549100 2069.25409133
0.24941700 2088.29510836
0.25340500 1983.88655233
0.25745800 1949.26817851
0.26157500 1879.60167118
0.26575700 1837.18421424
0.27000700 1765.10438755
0.27432500 1706.94330111
0.27871200 1665.95286521
0.28316800 1634.87182175
0.28769700 1576.41339223
0.29229700 1533.17865783
0.29697100 1476.70964792
0.30172000 1455.08462216
0.30654500 1411.79042778
0.31144700 1356.81228312
0.31642700 1330.00401328
0.32148700 1287.82562796
0.32662800 1243.37119148
0.33185100 1211.61315837
0.33715700 1157.32855492
0.34254900 1138.04484796
0.34802700 1103.99788586
0.35359200 1077.69525457
0.35924600 1037.89647748
0.36499100 998.94726798
0.37082700 969.34330215
0.37675700 939.44989090
0.38278200 915.08496437
0.38890300 881.82712173
0.39512200 865.71791118
0.40144000 828.05895178
0.40786000 804.00806555
0.41438200 782.84494842
0.42100800 753.23411913
0.42774000 728.79542004
0.43458000 703.10221269
0.44153000 685.45458329
0.44859000 662.57910849
0.45576300 638.15392695
0.46305100 616.02862821
0.47045600 599.18905937
0.47797900 579.61939177
0.48562200 557.33132781
0.49338800 538.34457235
0.50127800 522.80288479
0.50929400 506.62816878
0.51743800 485.73376593
0.52571200 471.26579214
0.53411900 455.18533277
0.54266000 440.70643421
0.55133700 426.32844248
0.56015400 409.19329742
0.56911100 397.81071167
0.57821100 384.20556617
0.58745800 368.29002196
0.59685200 358.20173755
0.60639600 345.35398004
0.61609300 332.90222411
0.62594500 321.76127748
0.63595400 312.43997014
0.64612300 300.48765305
0.65645600 290.03306129
0.66695300 281.81608097
0.67761800 271.43386896
0.68845400 261.75471036
0.69946300 253.83910466
0.71064800 244.63027820
0.72201200 236.53813120
0.73355700 228.71094164
0.74528800 220.73430240
0.75720500 213.43967559
0.76931400 206.08121257
0.78161600 199.03720388
0.79411500 193.04113945
0.80681300 186.20135129
0.81971500 180.24710135
0.83282300 174.48089861
0.84614000 168.34017082
0.85967100 163.18180632
0.87341800 157.53330858
0.88738500 152.50310365
0.90157500 147.41292193
0.91599200 142.80961385
0.93063900 137.92585372
0.94552100 133.67911909
0.96064100 129.15323246
0.97600200 125.18005476
0.99161000 121.06356511
1.00746600 117.20702236
1.02357700 113.20046536
1.03994500 109.63946861
1.05657400 106.07937303
1.07347000 102.73144459
1.09063600 99.32609773
1.10807600 96.26678561
1.12579500 93.02259336
1.14379800 90.13273194
1.16208800 87.15821793
1.18067100 84.33422562
1.19955100 81.61941546
1.21873200 78.96723350
1.23822100 76.48046873
1.25802100 73.97570690
1.27813800 71.54867539
1.29857700 69.27182894
1.31934200 66.96957672
1.34044000 64.76751585
1.36187500 62.68429587
1.38365200 60.60342825
1.40577800 58.58948382
1.42825800 56.65985635
1.45109700 54.78041996
1.47430100 52.96902158
1.49787700 51.17352787
1.52182900 49.49350494
1.54616500 47.82858296
1.57088900 46.18329541
1.59600900 44.61503716
1.62153100 43.09121261
1.64746100 41.62395408
1.67380500 40.21006459
1.70057100 38.81750245
1.72776400 37.46812155
1.75539300 36.16215139
1.78346300 34.89846137
1.81198200 33.66625028
1.84095700 32.48154326
1.87039600 31.33973353
1.90030500 30.21490661
1.93069300 29.13448066
1.96156600 28.09422993
1.99293400 27.07780672
2.02480300 26.08476204
2.05718100 25.13465657
2.09007700 24.21550852
2.12350000 23.32824164
2.15745600 22.46593701
2.19195600 21.63370502
2.22700700 20.82453807
2.26261900 20.04435322
2.29880000 19.29577332
2.33556000 18.56790149
2.37290800 17.86704007
2.41085300 17.18928191
2.44940400 16.53419588
2.48857300 15.90447295
2.52836800 15.29577857
2.56879900 14.71098522
2.60987700 14.14659274
2.65161100 13.60232988
2.69401200 13.07667917
2.73709200 12.57289470
2.78086000 12.08835002
2.82532900 11.62014199
2.87050800 11.17051381
2.91641000 10.73942084
2.96304600 10.32156730
3.01042800 9.92401635
3.05856800 9.54158302
3.10747700 9.17336009
3.15716800 8.81933662
3.20765400 8.47990617
3.25894700 8.15549755
3.31106100 7.84276282
3.36400900 7.54481293
3.41780200 7.25786784
3.47245600 6.98344822
