0.03121500 23935.77446296
0.04425200 16861.40010346
0.05438800 14457.11570451
0.06273500 12788.78660266
0.07010400 11525.80737531
0.07710400 10504.92057281
0.08893800 8247.44860024
0.09476500 7390.39180763
0.09938400 6746.21379614
0.10422800 6280.99316658
0.10930900 5910.67948458
0.11283300 5660.19875268
0.11833300 5379.77161188
0.12608500 5098.87621623
0.13015000 4890.41717941
0.13434600 4720.76836976
0.13649400 4506.36854750
0.14089400 4314.79043944
0.14314700 4086.66246376
0.14776200 3937.27479701
0.15496400 3599.91785153
0.15744200 3424.63655835
0.15996000 3291.63402586
0.16251800 3178.82981152
0.17044000 2968.92269517
0.17316500 2926.03239237
0.17874700 2814.87830783
0.18160600 2730.50007374
0.18451000 2653.84756360
0.18746000 2617.83885264
0.19045800 2573.19280089
0.19350400 2487.11860731
0.19974200 2353.48799929
0.20293600 2266.44486159
0.20618100 2180.36720052
0.20947800 2137.41073551
0.21282800 2086.72045085
0.21623100 1956.53526125
0.21968900 1945.47524874
0.22320200 1886.30526790
0.22677100 1818.99625307
0.23039700 1792.78702887
0.23408100 1700.87414790
0.23782500 1675.77234829
0.24162800 1640.15861555
0.24549100 1580.70929799
0.24941700 1596.25102625
0.25340500 1508.64484024
0.25745800 1484.57117364
0.26157500 1430.78938177
0.26575700 1390.11583492
0.27000700 1338.15734352
0.27432500 1292.06604715
0.27871200 1260.93202766
0.28316800 1229.80279481
0.28769700 1182.65142065
0.29229700 1148.84480391
0.29697100 1105.19116091
0.30172000 1085.98210803
0.30654500 1053.09150758
0.31144700 1011.70948126
0.31642700 991.58970935
0.32148700 958.69473396
0.32662800 925.40413031
0.33185100 900.25962133
0.33715700 857.84786583
0.34254900 842.81377937
0.34802700 815.76590643
0.35359200 794.39290300
0.35924600 764.12793357
0.36499100 733.77188334
0.37082700 711.26642540
0.37675700 688.37059661
0.38278200 670.16635590
0.38890300 644.88534840
0.39512200 630.67352842
0.40144000 602.77168553
0.40786000 584.66346747
0.41438200 568.69349126
0.42100800 546.13047963
0.42774000 528.03582021
0.43458000 507.97544877
0.44153000 495.05661779
0.44859000 478.12379199
0.45576300 459.38333668
0.46305100 442.85796538
0.47045600 430.79840350
0.47797900 415.73356088
0.48562200 400.15377917
0.49338800 384.73768527
0.50127800 373.26649818
0.50929400 362.09667505
0.51743800 346.59663185
0.52571200 335.81691418
0.53411900 323.91656540
0.54266000 313.44142235
0.55133700 303.04469614
0.56015400 290.54764318
0.56911100 282.27130684
0.57821100 272.32109743
0.58745800 260.63083369
0.59685200 253.49683991
0.60639600 243.94265763
0.61609300 235.24906202
0.62594500 227.30442840
0.63595400 220.63335725
0.64612300 211.81078368
0.65645600 204.25728804
0.66695300 198.75547699
0.67761800 191.22305785
0.68845400 184.24263269
0.69946300 178.81255158
0.71064800 171.97748732
0.72201200 166.33560231
0.73355700 160.81724699
0.74528800 155.27481777
0.75720500 150.16059463
0.76931400 145.08743463
0.78161600 140.18820080
0.79411500 136.10155883
0.80681300 131.16411461
0.81971500 127.11358653
0.83282300 123.08420543
0.84614000 118.90336445
0.85967100 115.33427723
0.87341800 111.35993817
0.88738500 108.02117960
0.90157500 104.44010506
0.91599200 101.42007654
0.93063900 98.09487760
0.94552100 95.08876328
0.96064100 92.03015081
0.97600200 89.40117181
0.99161000 86.60945259
1.00746600 84.02878154
1.02357700 81.30954146
1.03994500 78.97699873
1.05657400 76.52373843
1.07347000 74.29450151
1.09063600 72.03526708
1.10807600 70.03746312
1.12579500 67.83252604
1.14379800 65.96115389
1.16208800 63.95114392
1.18067100 62.09036637
1.19955100 60.30958630
1.21873200 58.52883811
1.23822100 56.90784109
1.25802100 55.27922645
1.27813800 53.63180130
1.29857700 52.19595581
1.31934200 50.65800628
1.34044000 49.20177630
1.36187500 47.86380885
1.38365200 46.50238390
1.40577800 45.16868145
1.42825800 43.90210234
1.45109700 42.68888519
1.47430100 41.50095427
1.49787700 40.31869517
1.52182900 39.21759914
1.54616500 38.13872746
1.57088900 37.06786733
1.59600900 36.03664452
1.62153100 35.03973350
1.64746100 34.07598593
1.67380500 33.16190959
1.70057100 32.23111927
1.72776400 31.35744897
1.75539300 30.48705931
1.78346300 29.65481986
1.81198200 28.83369475
1.84095700 28.04871073
1.87039600 27.28874426
1.90030500 26.53655171
1.93069300 25.80780792
1.96156600 25.11156274
1.99293400 24.41670147
2.02480300 23.75460083
2.05718100 23.10409349
2.09007700 22.47710456
2.12350000 21.86472481
2.15745600 21.26599249
2.19195600 20.68742205
2.22700700 20.12210000
2.26261900 19.57637743
2.29880000 19.04189648
2.33556000 18.52497165
2.37290800 18.02050734
2.41085300 17.53087986
2.44940400 17.05478271
2.48857300 16.59173073
2.52836800 16.14346757
2.56879900 15.70656874
2.60987700 15.28222519
2.65161100 14.86909839
2.69401200 14.47105700
2.73709200 14.07998063
2.78086000 13.70198561
2.82532900 13.33632256
2.87050800 12.97913747
2.91641000 12.63366523
2.96304600 12.29669291
3.01042800 11.97136341
3.05856800 11.65387822
3.10747700 11.34782829
3.15716800 11.04949168
3.20765400 10.75907842
3.25894700 10.47976801
3.31106100 10.20738754
3.36400900 9.94358017
3.41780200 9.68799071
3.47245600 9.44006955
