0.03121500 24237.54122189
0.04425200 17062.88555323
0.05438800 14624.06571515
0.06273500 12929.80961047
0.07010400 11648.94477074
0.07710400 10616.10052805
0.08893800 8332.69909979
0.09476500 7466.36293426
0.09938400 6815.67412189
0.10422800 6346.87147161
0.10930900 5971.03843412
0.11283300 5716.76221242
0.11833300 5432.82366262
0.12608500 5148.60881537
0.13015000 4937.26859402
0.13434600 4765.07718005
0.13649400 4546.79906856
0.14089400 4356.13487973
0.14314700 4124.28135438
0.14776200 3974.06166579
0.15496400 3633.82250110
0.15744200 3458.15982462
0.15996000 3324.83562242
0.16251800 3211.88573964
0.17044000 2999.02721515
0.17316500 2955.75967915
0.17874700 2841.82595856
0.18160600 2756.13271840
0.18451000 2679.01891692
0.18746000 2642.25944855
0.19045800 2597.02205290
0.19350400 2509.43565436
0.19974200 2374.16042474
0.20293600 2286.16404168
0.20618100 2198.87466555
0.20947800 2156.38128381
0.21282800 2106.01424294
0.21623100 1974.36311240
0.21968900 1964.60748280
0.22320200 1904.40917807
0.22677100 1835.83114947
0.23039700 1810.23027803
0.23408100 1716.67581217
0.23782500 1691.54601155
0.24162800 1655.39299718
0.24549100 1594.05008616
0.24941700 1609.83954982
0.25340500 1521.71371926
0.25745800 1497.05191150
0.26157500 1442.27402065
0.26575700 1402.27506038
0.27000700 1348.75057728
0.27432500 1302.21383584
0.27871200 1270.46630339
0.28316800 1240.11970543
0.28769700 1192.54699249
0.29229700 1158.28380507
0.29697100 1113.94499094
0.30172000 1094.89121730
0.30654500 1061.40774613
0.31144700 1019.16969499
0.31642700 998.64574894
0.32148700 965.28684272
0.32662800 931.30782351
0.33185100 906.06779600
0.33715700 862.99852904
0.34254900 847.99966365
0.34802700 820.70104138
0.35359200 799.25488122
0.35924600 768.47090021
0.36499100 737.77821600
0.37082700 715.02580701
0.37675700 691.80144438
0.38278200 673.30931571
0.38890300 647.61548968
0.39512200 633.57944836
0.40144000 605.10564402
0.40786000 586.82663105
0.41438200 570.71248559
0.42100800 547.88957991
0.42774000 529.44905460
0.43458000 509.22993650
0.44153000 496.08256752
0.44859000 478.98154339
0.45576300 460.00426826
0.46305100 443.26563541
0.47045600 431.05686519
0.47797900 415.86722711
0.48562200 399.94580606
0.49338800 384.55577591
0.50127800 372.94294587
0.50929400 361.52179284
0.51743800 345.84487457
0.52571200 335.00990773
0.53411900 322.95522705
0.54266000 312.35414145
0.55133700 301.86921454
0.56015400 289.18103365
0.56911100 280.88137332
0.57821100 270.82009915
0.58745800 258.99842157
0.59685200 251.78683166
0.60639600 242.16135135
0.61609300 233.37955872
0.62594500 225.37778164
0.63595400 218.63889286
0.64612300 209.76716830
0.65645600 202.16149835
0.66695300 196.58078985
0.67761800 189.00510102
0.68845400 181.97032913
0.69946300 176.48252221
0.71064800 169.62843002
0.72201200 163.94239038
0.73355700 158.37347780
0.74528800 152.79895508
0.75720500 147.65694021
0.76931400 142.53977866
0.78161600 137.61387805
0.79411500 133.50521925
0.80681300 128.56289119
0.81971500 124.46898300
0.83282300 120.42903914
0.84614000 116.24512650
0.85967100 112.64761192
0.87341800 108.66391957
0.88738500 105.30260133
0.90157500 101.71969912
0.91599200 98.68352777
0.93063900 95.34603051
0.94552100 92.34560815
0.96064100 89.28398092
0.97600200 86.64136757
0.99161000 83.84119858
1.00746600 81.26062391
1.02357700 78.53129645
1.03994500 76.21299538
1.05657400 73.74886279
1.07347000 71.52535114
1.09063600 69.26951935
1.10807600 67.26284583
1.12579500 65.06231815
1.14379800 63.18616419
1.16208800 61.18875686
1.18067100 59.32738155
1.19955100 57.55393209
1.21873200 55.77547338
1.23822100 54.15840165
1.25802100 52.53538353
1.27813800 50.89400896
1.29857700 49.45643887
1.31934200 47.92528011
1.34044000 46.47547777
1.36187500 45.14146327
1.38365200 43.78527974
1.40577800 42.46602729
1.42825800 41.20645074
1.45109700 39.99483674
1.47430100 38.81401174
1.49787700 37.64105045
1.52182900 36.54819031
1.54616500 35.47386960
1.57088900 34.41253303
1.59600900 33.39026466
1.62153100 32.40399463
1.64746100 31.44546259
1.67380500 30.54322860
1.70057100 29.62271329
1.72776400 28.75740568
1.75539300 27.90101926
1.78346300 27.07916794
1.81198200 26.26966583
1.84095700 25.49636153
1.87039600 24.75070349
1.90030500 24.01035209
1.93069300 23.29418561
1.96156600 22.61065902
1.99293400 21.92937839
2.02480300 21.28069368
2.05718100 20.64558665
2.09007700 20.03322630
2.12350000 19.43517475
2.15745600 18.85285039
2.19195600 18.29046176
2.22700700 17.73983161
2.26261900 17.21144456
2.29880000 16.69449640
2.33556000 16.19402242
2.37290800 15.70750325
2.41085300 15.23628495
2.44940400 14.77690207
2.48857300 14.33251474
2.52836800 13.90282036
2.56879900 13.48571209
2.60987700 13.08019432
2.65161100 12.68613609
2.69401200 12.30746817
2.73709200 11.93648649
2.78086000 11.57847996
2.82532900 11.23321100
2.87050800 10.89675987
2.91641000 10.57240079
2.96304600 10.25670049
3.01042800 9.95277564
3.05856800 9.65658850
3.10747700 9.37169098
3.15716800 9.09552558
3.20765400 8.82695208
3.25894700 8.56949217
3.31106100 8.31918957
3.36400900 8.07760888
3.41780200 7.84441322
3.47245600 7.61828862
