0.03121500 24927.14189488
0.04425200 17531.87689707
0.05438800 15017.25024567
0.06273500 13267.23198447
0.07010400 11946.21896850
0.07710400 10888.77757315
0.08893800 8553.50148642
0.09476500 7669.12249925
0.09938400 7006.37319123
0.10422800 6531.43885483
0.10930900 6142.90504920
0.11283300 5880.29988366
0.11833300 5588.61160878
0.12608500 5296.92583069
0.13015000 5079.03815267
0.13434600 4900.79696674
0.13649400 4673.38091944
0.14089400 4487.04437765
0.14314700 4246.39837691
0.14776200 4094.84153388
0.15496400 3749.35873988
0.15744200 3574.67018584
0.15996000 3441.33124283
0.16251800 3329.37728482
0.17044000 3109.24774283
0.17316500 3065.18440784
0.17874700 2943.45731266
0.18160600 2854.69119479
0.18451000 2776.54088800
0.18746000 2737.81355321
0.19045800 2691.03362714
0.19350400 2599.97063917
0.19974200 2460.05353500
0.20293600 2370.38932859
0.20618100 2279.73713916
0.20947800 2239.24826298
0.21282800 2189.80134750
0.21623100 2055.20093034
0.21968900 2048.96942771
0.22320200 1985.98752871
0.22677100 1914.44081017
0.23039700 1890.08365377
0.23408100 1792.32136369
0.23782500 1767.37221312
0.24162800 1729.78026363
0.24549100 1663.02287528
0.24941700 1679.11036664
0.25340500 1590.29619519
0.25745800 1563.32744752
0.26157500 1505.91139631
0.26575700 1468.09041086
0.27000700 1410.17074303
0.27432500 1362.16759322
0.27871200 1328.66839521
0.28316800 1300.50351495
0.28769700 1251.78469995
0.29229700 1216.15620887
0.29697100 1169.83031774
0.30172000 1151.16760263
0.30654500 1115.89424609
0.31144700 1071.19787287
0.31642700 1049.40416161
0.32148700 1014.68993288
0.32662800 978.68148658
0.33185100 952.75058033
0.33715700 907.93950703
0.34254900 892.49097925
0.34802700 864.34803784
0.35359200 842.47624269
0.35924600 810.12220820
0.36499100 778.25121171
0.37082700 754.41556761
0.37675700 730.06786739
0.38278200 710.49571577
0.38890300 683.50782873
0.39512200 669.78582461
0.40144000 639.48873819
0.40786000 620.28611115
0.41438200 603.34606917
0.42100800 579.46876225
0.42774000 559.85950000
0.43458000 538.93607146
0.44153000 524.90405146
0.44859000 506.84245121
0.45576300 487.01391962
0.46305100 469.35399051
0.47045600 456.26771135
0.47797900 440.47080570
0.48562200 423.14317599
0.49338800 407.58427361
0.50127800 395.29193415
0.50929400 382.77837576
0.51743800 366.23283522
0.52571200 354.86178816
0.53411900 342.10316775
0.54266000 330.79881970
0.55133700 319.65995273
0.56015400 306.13295042
0.56911100 297.35078297
0.57821100 286.70014084
0.58745800 274.17732815
0.59685200 266.41323945
0.60639600 256.31840718
0.61609300 246.83704959
0.62594500 238.29113844
0.63595400 231.10055029
0.64612300 221.76965815
0.65645600 213.70353551
0.66695300 207.56527120
0.67761800 199.55317437
0.68845400 192.09085326
0.69946300 186.12351887
0.71064800 178.95332909
0.72201200 172.83900445
0.73355700 166.87571270
0.74528800 160.87434575
0.75720500 155.36991060
0.76931400 149.83054033
0.78161600 144.54625898
0.79411500 140.09249439
0.80681300 134.89689584
0.81971500 130.42236198
0.83282300 126.11730418
0.84614000 121.60007717
0.85967100 117.72065351
0.87341800 113.47786760
0.88738500 109.80282034
0.90157500 105.99358768
0.91599200 102.66155640
0.93063900 99.04298320
0.94552100 95.88034440
0.96064100 92.55954021
0.97600200 89.67069257
0.99161000 86.64046223
1.00746600 83.84492846
1.02357700 80.89447210
1.03994500 78.37168063
1.05657400 75.72769091
1.07347000 73.31426712
1.09063600 70.87346906
1.10807600 68.66966229
1.12579500 66.29202405
1.14379800 64.24245530
1.16208800 62.09910928
1.18067100 60.05765846
1.19955100 58.14041495
1.21873200 56.21727933
1.23822100 54.45077890
1.25802100 52.67779942
1.27813800 50.92234049
1.29857700 49.32047114
1.31934200 47.66884539
1.34044000 46.10904574
1.36187500 44.63084605
1.38365200 43.15267209
1.40577800 41.73191419
1.42825800 40.36081417
1.45109700 39.03642567
1.47430100 37.75184445
1.49787700 36.48242589
1.52182900 35.29846871
1.54616500 34.11688846
1.57088900 32.95955774
1.59600900 31.85647696
1.62153100 30.78337043
1.64746100 29.74276376
1.67380500 28.75581278
1.70057100 27.76738522
1.72776400 26.82199941
1.75539300 25.89979742
1.78346300 25.01092729
1.81198200 24.14293239
1.84095700 23.30718231
1.87039600 22.50777763
1.90030500 21.71106866
1.93069300 20.94887253
1.96156600 20.21324452
1.99293400 19.49180090
2.02480300 18.79472183
2.05718100 18.12273589
2.09007700 17.47274378
2.12350000 16.84402553
2.15745600 16.23143926
2.19195600 15.64334158
2.22700700 15.06687376
2.26261900 14.51373367
2.29880000 13.98009212
2.33556000 13.46008698
2.37290800 12.95869782
2.41085300 12.47731823
2.44940400 12.00740971
2.48857300 11.55510554
2.52836800 11.11931811
2.56879900 10.69874295
2.60987700 10.29351137
2.65161100 9.90018145
2.69401200 9.52126717
2.73709200 9.15609250
2.78086000 8.80470660
2.82532900 8.46593567
2.87050800 8.13810854
2.91641000 7.82461238
2.96304600 7.52055775
3.01042800 7.23107432
3.05856800 6.95103768
3.10747700 6.68148909
3.15716800 6.42215814
3.20765400 6.17243251
3.25894700 5.93441621
3.31106100 5.70493122
3.36400900 5.48531394
3.41780200 5.27408724
3.47245600 5.07162363
