1.0
99.0
78.43282347242813
62.0957344480193
49.118723362727216
38.81071705534972
30.62277660168379
24.118864315095788
18.952623149688787
14.84893192461113
11.589254117941667
9.0
7.125
5.842105263157895
4.909090909090909
4.199999999999999
3.6428571428571423
3.193548387096774
2.8235294117647056
2.5135135135135136
2.25
2.023255813953488
1.8260869565217392
1.6530612244897958
1.5
1.3636363636363633
1.2413793103448278
1.1311475409836067
1.03125
0.9402985074626864
0.8571428571428572
0.7808219178082192
0.7105263157894737
0.6455696202531647
0.5853658536585367
0.5294117647058822
0.4772727272727273
0.4285714285714284
0.38297872340425543
0.3402061855670102
0.2999999999999998
0.2621359223300972
0.2264150943396226
0.19266055045871555
0.1607142857142856
0.13043478260869557
0.10169491525423724
0.07438016528925617
0.048387096774193505
0.023622047244094446
0.0