3.121499999999999969e-02
4.425199999999999967e-02
5.438799999999999885e-02
6.273499999999999910e-02
7.010399999999999965e-02
7.710400000000000587e-02
8.893800000000000316e-02
9.476500000000000201e-02
9.938400000000000012e-02
1.042280000000000012e-01
1.093090000000000034e-01
1.128330000000000027e-01
1.183329999999999937e-01
1.260850000000000026e-01
1.301499999999999879e-01
1.343459999999999932e-01
1.364940000000000042e-01
1.408939999999999915e-01
1.431469999999999965e-01
1.477620000000000045e-01
1.549639999999999906e-01
1.574419999999999986e-01
1.599599999999999911e-01
1.625179999999999958e-01
1.704400000000000082e-01
1.731650000000000134e-01
1.787469999999999892e-01
1.816059999999999897e-01
1.845100000000000073e-01
1.874599999999999878e-01
1.904579999999999884e-01
1.935040000000000093e-01
1.997420000000000029e-01
2.029360000000000053e-01
2.061810000000000032e-01
2.094779999999999975e-01
2.128279999999999894e-01
2.162310000000000065e-01
2.196889999999999954e-01
2.232020000000000115e-01
2.267710000000000004e-01
2.303969999999999907e-01
2.340810000000000113e-01
2.378250000000000086e-01
2.416280000000000094e-01
2.454909999999999870e-01
2.494169999999999998e-01
2.534049999999999914e-01
2.574580000000000202e-01
2.615750000000000020e-01
2.657570000000000210e-01
2.700069999999999970e-01
2.743249999999999855e-01
2.787120000000000153e-01
2.831679999999999753e-01
2.876969999999999805e-01
2.922969999999999735e-01
2.969709999999999850e-01
3.017199999999999882e-01
3.065450000000000119e-01
3.114469999999999739e-01
3.164270000000000138e-01
3.214870000000000227e-01
3.266279999999999739e-01
3.318510000000000071e-01
3.371569999999999845e-01
3.425489999999999924e-01
3.480269999999999753e-01
3.535920000000000174e-01
3.592460000000000098e-01
3.649910000000000099e-01
3.708270000000000177e-01
3.767570000000000086e-01
3.827820000000000111e-01
3.889029999999999987e-01
3.951219999999999732e-01
4.014400000000000190e-01
4.078600000000000003e-01
4.143819999999999726e-01
4.210079999999999933e-01
4.277400000000000091e-01
4.345800000000000218e-01
4.415299999999999780e-01
4.485899999999999888e-01
4.557629999999999737e-01
4.630509999999999904e-01
4.704559999999999853e-01
4.779789999999999872e-01
4.856219999999999981e-01
4.933879999999999932e-01
5.012780000000000014e-01
5.092940000000000245e-01
5.174379999999999535e-01
5.257119999999999571e-01
5.341190000000000104e-01
5.426600000000000312e-01
5.513369999999999660e-01
5.601540000000000408e-01
5.691110000000000335e-01
5.782110000000000305e-01
5.874580000000000357e-01
5.968520000000000492e-01
6.063960000000000461e-01
6.160930000000000017e-01
6.259449999999999736e-01
6.359540000000000193e-01
6.461230000000000029e-01
6.564560000000000395e-01
6.669530000000000181e-01
6.776180000000000536e-01
6.884540000000000104e-01
6.994629999999999459e-01
7.106479999999999464e-01
7.220119999999999871e-01
7.335570000000000146e-01
7.452879999999999505e-01
7.572050000000000169e-01
7.693140000000000533e-01
7.816159999999999775e-01
7.941150000000000153e-01
8.068130000000000024e-01
8.197149999999999714e-01
8.328229999999999800e-01
8.461400000000000032e-01
8.596709999999999630e-01
8.734180000000000277e-01
8.873849999999999794e-01
9.015750000000000153e-01
9.159920000000000284e-01
9.306389999999999940e-01
9.455209999999999448e-01
9.606409999999999672e-01
9.760020000000000362e-01
9.916099999999999914e-01
1.007465999999999973e+00
1.023576999999999959e+00
1.039944999999999897e+00
1.056573999999999902e+00
1.073469999999999924e+00
1.090635999999999939e+00
1.108076000000000061e+00
1.125795000000000101e+00
1.143798000000000092e+00
1.162088000000000010e+00
1.180671000000000026e+00
1.199551000000000034e+00
1.218731999999999926e+00
1.238221000000000016e+00
1.258021000000000056e+00
1.278137999999999996e+00
1.298577000000000092e+00
1.319342000000000015e+00
1.340440000000000076e+00
1.361874999999999947e+00
1.383652000000000104e+00
1.405777999999999972e+00
1.428258000000000028e+00
1.451097000000000081e+00
1.474301000000000084e+00
1.497876999999999903e+00
1.521829000000000098e+00
1.546165000000000012e+00
1.570888999999999980e+00
1.596009000000000011e+00
1.621531000000000056e+00
1.647461000000000064e+00
1.673804999999999987e+00
1.700571000000000055e+00
1.727764000000000078e+00
1.755392999999999981e+00
1.783463000000000021e+00
1.811981999999999982e+00
1.840956999999999955e+00
1.870395999999999948e+00
1.900304999999999911e+00
1.930692999999999993e+00
1.961565999999999921e+00
1.992933999999999983e+00
2.024802999999999908e+00
2.057180999999999926e+00
2.090076999999999963e+00
2.123499999999999943e+00
2.157455999999999818e+00
2.191955999999999793e+00
2.227006999999999959e+00
2.262618999999999936e+00
2.298799999999999955e+00
2.335560000000000080e+00
2.372907999999999795e+00
2.410852999999999913e+00
2.449403999999999915e+00
2.488573000000000146e+00
2.528367999999999949e+00
2.568798999999999833e+00
2.609877000000000002e+00
2.651610999999999940e+00
2.694011999999999851e+00
2.737092000000000080e+00
2.780860000000000110e+00
2.825328999999999979e+00
2.870508000000000060e+00
2.916409999999999947e+00
2.963045999999999847e+00
3.010428000000000104e+00
3.058568000000000175e+00
3.107476999999999823e+00
3.157167999999999974e+00
3.207653999999999783e+00
3.258947000000000038e+00
3.311061000000000032e+00
3.364008999999999805e+00
3.417802000000000007e+00
3.472456000000000209e+00
